"85" "439" "735" "8952" "9737" "17869" "19059" "22402" "46792" "49858" "54274" "55072" "55461" "55925" "55936" "57593" "57669" "62798" "63144" "63215" "64111" "66560" "66823" "67306" "67622" "68160" "68669" "69451"
"85" 0 0.637384870813056 0.605171482420795 0.262499168279682 0.536163063807623 0.186165302878515 0.295378528591126 0.41621736819751 0.508561133993562 -0.039883166130472 -0.0131155166324053 -0.0492965280844715 0.180849044382712 0.307559987953299 0.074055663638735 0.0263260974391798 -0.0430606621456924 -0.0530215058534188 -0.0415333175844604 -0.0503464749375811 -0.0876599831587571 -0.110840584401634 -0.0314936019954097 -0.0527599158575108 -0.100682572304243 -0.179142748478825 -0.107760704250392 -0.186810644283053
"439" 0.637384870813056 0 0.313025453640213 0.273031447497925 0.764862339887212 0.182987992958079 0.752536543710412 0.379049131172118 0.168674386984951 0.578037797544149 0.41951615700558 -0.00882277872231542 0.343572130741503 0.305547584174879 0.0123122774697243 0.364948440035912 -0.00275378754770116 -0.00511714814556472 -0.0958956303421025 0.0311014004188819 -0.0705575037584672 -0.164570260366841 -0.0329751704018346 -0.12731399288054 0.0558766756873836 -0.148742042400324 -0.151772388242188 -0.203358870397063
"735" 0.605171482420795 0.313025453640213 0 0.701474629209956 0.443458676242011 0.608923216433408 0.449521720459392 0.744800418741718 0.659375796512504 -0.110760819985923 0.31898720602118 0.54160494468377 0.615833387762942 0.715853632946528 0.733942176997929 0.505002746029764 0.492607582625344 0.466330727646985 0.57588007568762 0.558161423814 0.501705513938115 0.443974572374683 0.624767857654658 0.634471582318724 0.314289924976358 0.154402569442327 0.444027601918095 0.22282358037702
"8952" 0.262499168279682 0.273031447497925 0.701474629209956 0 0.415736835156268 0.84981636021313 0.69250939525349 0.861911354158567 0.390264859492414 -0.00353324162662164 0.387409441267634 0.579165462690813 0.610626210623912 0.897695400691606 0.719976433914973 0.55731864957366 0.52120578869922 0.500717306588382 0.599238183836504 0.595621778889574 0.553924162954674 0.477012620772301 0.649626870414611 0.656864673344693 0.394447855008407 0.229248155576876 0.477682917064671 0.295197384137895
"9737" 0.536163063807623 0.764862339887212 0.443458676242011 0.415736835156268 0 0.13102041413457 0.691665505584215 0.622545342084389 -0.152745907552256 0.332811082767894 0.0807820975482165 -0.159672372787642 0.770906204230423 0.488783899275428 0.109291694199485 0.242062971319963 -0.154003543528101 -0.139496754378687 -0.117999787127898 -0.13815559765853 -0.258526225265352 -0.389480384520263 -0.0411124635977721 -0.158649136614253 0.144506874992413 -0.30472317189957 -0.377820954568882 -0.306371047477701
"17869" 0.186165302878515 0.182987992958079 0.608923216433408 0.84981636021313 0.13102041413457 0 0.608954537169826 0.699630177008043 0.568614511079545 -0.00157443999937815 0.516320634395335 0.727172849381769 0.328230707036471 0.793349859972189 0.722776625825374 0.587545104046165 0.656334154915518 0.624747767815022 0.685943751012981 0.738697998801695 0.722647166293933 0.693150105872451 0.719482727397795 0.763612546037487 0.367414396440104 0.375812898651817 0.689212455777554 0.431735197229967
"19059" 0.295378528591126 0.752536543710412 0.449521720459392 0.69250939525349 0.691665505584215 0.608954537169826 0 0.681751736600507 0.169526452242041 0.511384664123276 0.605700922275366 0.376907502549777 0.594397388843661 0.689268510932352 0.423828481765616 0.645961139890451 0.338753759426548 0.335739083314435 0.304256981880914 0.414599860146821 0.313653308407361 0.200607393289718 0.385032826152224 0.318567774187381 0.333299939392781 0.0884059247558137 0.210113649600976 0.0865106045485753
"22402" 0.41621736819751 0.379049131172118 0.744800418741718 0.861911354158567 0.622545342084389 0.699630177008043 0.681751736600507 0 0.278265558646914 -0.0161449646607269 0.230118633609463 0.379405376063419 0.736905678453748 0.89022799661983 0.638097872288436 0.449076588569512 0.338235563419036 0.326930062751194 0.435953808831722 0.394724861919785 0.321828599870626 0.236869118763965 0.494367411500701 0.471740902723377 0.337748689446017 0.0660088936269109 0.239648190876894 0.126976593579712
"46792" 0.508561133993562 0.168674386984951 0.659375796512504 0.390264859492414 -0.152745907552256 0.568614511079545 0.169526452242041 0.278265558646914 0 -0.0981008352343276 0.480112237801523 0.67145579230331 -0.0811199798969414 0.344117753674127 0.55834023909501 0.424626998194353 0.620691341574704 0.575181456948639 0.590084535126481 0.684402069531753 0.699333122696571 0.733187704675379 0.587023653100124 0.667654822566007 0.137044696165337 0.37064726812579 0.728194083714072 0.396891219514408
"49858" -0.039883166130472 0.578037797544149 -0.110760819985923 -0.00353324162662164 0.332811082767894 -0.00157443999937815 0.511384664123276 -0.0161449646607269 -0.0981008352343276 0 0.527803215987547 0.0766066389712948 0.141664504097257 -0.00848951576196516 -0.0447989324702918 0.405232110993093 0.0801043702301706 0.0780655367002475 -0.0490716619568478 0.127813423763614 0.0508025311704153 -0.0267446309035543 0.00469826798098799 -0.0699581133987081 0.469671710268424 0.309358715391625 -0.0163616388401469 0.0620434917701757
"54274" -0.0131155166324053 0.41951615700558 0.31898720602118 0.387409441267634 0.0807820975482165 0.516320634395335 0.605700922275366 0.230118633609463 0.480112237801523 0.527803215987547 0 0.700315791576275 0.169153134467978 0.331122720117693 0.523871735324359 0.77567759292412 0.648432130841529 0.618031075101795 0.544884216132665 0.751593353822785 0.703960321046454 0.648089965697123 0.597736243403319 0.598333092819534 0.344269390748326 0.394788054312194 0.651988635851453 0.381444978326936
"55072" -0.0492965280844715 -0.00882277872231542 0.54160494468377 0.579165462690813 -0.159672372787642 0.727172849381769 0.376907502549777 0.379405376063419 0.67145579230331 0.0766066389712948 0.700315791576275 0 0.187851553045169 0.5085728050397 0.788596052094617 0.701195259600664 0.811007116522701 0.771098589945446 0.802726574591661 0.91254501842828 0.904024367907484 0.891697484191633 0.844158085933718 0.896685326910382 0.400142546221286 0.517930221240661 0.888713362269683 0.566155691759696
"55461" 0.180849044382712 0.343572130741503 0.615833387762942 0.610626210623912 0.770906204230423 0.328230707036471 0.594397388843661 0.736905678453748 -0.0811199798969414 0.141664504097257 0.169153134467978 0.187851553045169 0 0.661309938205609 0.506929648829657 0.438038239767797 0.1626727218951 0.16854623033099 0.274749977086576 0.213707711347612 0.103920829295352 -0.0259738791584933 0.358055510584262 0.282252920008051 0.376334309749721 -0.0799987918925223 -0.0181947395846151 -0.0194353590362135
"55925" 0.307559987953299 0.305547584174879 0.715853632946528 0.897695400691606 0.488783899275428 0.793349859972189 0.689268510932352 0.89022799661983 0.344117753674127 -0.00848951576196516 0.331122720117693 0.5085728050397 0.661309938205609 0 0.708860488475742 0.520747183023307 0.457403586257527 0.440379119986435 0.542438682479578 0.526307532233837 0.465323690685746 0.392286691434267 0.597423998877747 0.593600781150878 0.377520576510994 0.17351034083857 0.393706400313078 0.23714696288969
"55936" 0.074055663638735 0.0123122774697243 0.733942176997929 0.719976433914973 0.109291694199485 0.722776625825374 0.423828481765616 0.638097872288436 0.55834023909501 -0.0447989324702918 0.523871735324359 0.788596052094617 0.506929648829657 0.708860488475742 0 0.653720305392274 0.709317482749371 0.678081653202869 0.775523579147763 0.80179986826858 0.767453868394073 0.723073528012576 0.836398671454015 0.860687709785685 0.444536893891175 0.388376591081034 0.721116650508752 0.46028654337959
"57593" 0.0263260974391798 0.364948440035912 0.505002746029764 0.55731864957366 0.242062971319963 0.587545104046165 0.645961139890451 0.449076588569512 0.424626998194353 0.405232110993093 0.77567759292412 0.701195259600664 0.438038239767797 0.520747183023307 0.653720305392274 0 0.674736420852231 0.6232792922381 0.60929806128992 0.746420429491734 0.68285465977789 0.608052725656876 0.684148164042912 0.666388823126401 0.424867644488851 0.345349291768342 0.61382681815111 0.36995899598223
"57669" -0.0430606621456924 -0.00275378754770116 0.492607582625344 0.52120578869922 -0.154003543528101 0.656334154915518 0.338753759426548 0.338235563419036 0.620691341574704 0.0801043702301706 0.648432130841529 0.811007116522701 0.1626727218951 0.457403586257527 0.709317482749371 0.674736420852231 0 0.710248362098045 0.73343087325028 0.838442744990398 0.834347216163916 0.820403789487819 0.765252695089712 0.820260265370675 0.364143010744872 0.476733261872055 0.817945814552268 0.520494270896415
"62798" -0.0530215058534188 -0.00511714814556472 0.466330727646985 0.500717306588382 -0.139496754378687 0.624747767815022 0.335739083314435 0.326930062751194 0.575181456948639 0.0780655367002475 0.618031075101795 0.771098589945446 0.16854623033099 0.440379119986435 0.678081653202869 0.6232792922381 0.710248362098045 0 0.69876915426657 0.798485491528253 0.78826950315434 0.777749400627867 0.726212462692447 0.781278728513379 0.35332353819907 0.452488483137553 0.775950928416089 0.496427206663097
"63144" -0.0415333175844604 -0.0958956303421025 0.57588007568762 0.599238183836504 -0.117999787127898 0.685943751012981 0.304256981880914 0.435953808831722 0.590084535126481 -0.0490716619568478 0.544884216132665 0.802726574591661 0.274749977086576 0.542438682479578 0.775523579147763 0.60929806128992 0.73343087325028 0.69876915426657 0 0.824530709961429 0.81646773494158 0.802166517999605 0.796268248518331 0.862493020423613 0.392822435710066 0.457624899693795 0.798796029308772 0.519867322868467
"63215" -0.0503464749375811 0.0311014004188819 0.558161423814 0.595621778889574 -0.13815559765853 0.738697998801695 0.414599860146821 0.394724861919785 0.684402069531753 0.127813423763614 0.751593353822785 0.91254501842828 0.213707711347612 0.526307532233837 0.80179986826858 0.746420429491734 0.838442744990398 0.798485491528253 0.824530709961429 0 0.932311732375783 0.913929489455362 0.856810472263213 0.919124030487901 0.422247991317943 0.537741916331988 0.908547718824541 0.576590333841255
"64111" -0.0876599831587571 -0.0705575037584672 0.501705513938115 0.553924162954674 -0.258526225265352 0.722647166293933 0.313653308407361 0.321828599870626 0.699333122696571 0.0508025311704153 0.703960321046454 0.904024367907484 0.103920829295352 0.465323690685746 0.767453868394073 0.68285465977789 0.834347216163916 0.78826950315434 0.81646773494158 0.932311732375783 0 0.936890084786044 0.843941040411564 0.915362737365915 0.38373901896492 0.570247411791907 0.931931764219305 0.598659846193114
"66560" -0.110840584401634 -0.164570260366841 0.443974572374683 0.477012620772301 -0.389480384520263 0.693150105872451 0.200607393289718 0.236869118763965 0.733187704675379 -0.0267446309035543 0.648089965697123 0.891697484191633 -0.0259738791584933 0.392286691434267 0.723073528012576 0.608052725656876 0.820403789487819 0.777749400627867 0.802166517999605 0.913929489455362 0.936890084786044 0 0.809141377901438 0.904444466531816 0.341687809421361 0.57573608887426 0.976456422885941 0.645251166908645
"66823" -0.0314936019954097 -0.0329751704018346 0.624767857654658 0.649626870414611 -0.0411124635977721 0.719482727397795 0.385032826152224 0.494367411500701 0.587023653100124 0.00469826798098799 0.597736243403319 0.844158085933718 0.358055510584262 0.597423998877747 0.836398671454015 0.684148164042912 0.765252695089712 0.726212462692447 0.796268248518331 0.856810472263213 0.843941040411564 0.809141377901438 0 0.886620406068368 0.432078944284359 0.455363800477922 0.811621023194023 0.52099873034618
"67306" -0.0527599158575108 -0.12731399288054 0.634471582318724 0.656864673344693 -0.158649136614253 0.763612546037487 0.318567774187381 0.471740902723377 0.667654822566007 -0.0699581133987081 0.598333092819534 0.896685326910382 0.282252920008051 0.593600781150878 0.860687709785685 0.666388823126401 0.820260265370675 0.781278728513379 0.862493020423613 0.919124030487901 0.915362737365915 0.904444466531816 0.886620406068368 0 0.43299967806485 0.512844391258035 0.899559668171187 0.585142863172031
"67622" -0.100682572304243 0.0558766756873836 0.314289924976358 0.394447855008407 0.144506874992413 0.367414396440104 0.333299939392781 0.337748689446017 0.137044696165337 0.469671710268424 0.344269390748326 0.400142546221286 0.376334309749721 0.377520576510994 0.444536893891175 0.424867644488851 0.364143010744872 0.35332353819907 0.392822435710066 0.422247991317943 0.38373901896492 0.341687809421361 0.432078944284359 0.43299967806485 0 0.70044817250621 0.340790861289403 0.418783540933384
"68160" -0.179142748478825 -0.148742042400324 0.154402569442327 0.229248155576876 -0.30472317189957 0.375812898651817 0.0884059247558137 0.0660088936269109 0.37064726812579 0.309358715391625 0.394788054312194 0.517930221240661 -0.0799987918925223 0.17351034083857 0.388376591081034 0.345349291768342 0.476733261872055 0.452488483137553 0.457624899693795 0.537741916331988 0.570247411791907 0.57573608887426 0.455363800477922 0.512844391258035 0.70044817250621 0 0.572496494679884 0.540308227828999
"68669" -0.107760704250392 -0.151772388242188 0.444027601918095 0.477682917064671 -0.377820954568882 0.689212455777554 0.210113649600976 0.239648190876894 0.728194083714072 -0.0163616388401469 0.651988635851453 0.888713362269683 -0.0181947395846151 0.393706400313078 0.721116650508752 0.61382681815111 0.817945814552268 0.775950928416089 0.798796029308772 0.908547718824541 0.931931764219305 0.976456422885941 0.811621023194023 0.899559668171187 0.340790861289403 0.572496494679884 0 0.654362940405227
"69451" -0.186810644283053 -0.203358870397063 0.22282358037702 0.295197384137895 -0.306371047477701 0.431735197229967 0.0865106045485753 0.126976593579712 0.396891219514408 0.0620434917701757 0.381444978326936 0.566155691759696 -0.0194353590362135 0.23714696288969 0.46028654337959 0.36995899598223 0.520494270896415 0.496427206663097 0.519867322868467 0.576590333841255 0.598659846193114 0.645251166908645 0.52099873034618 0.585142863172031 0.418783540933384 0.540308227828999 0.654362940405227 0
