"82" "131" "132" "458" "567" "578" "657" "749" "1452" "1564" "1677" "3179" "3248" "4087" "4484" "4655" "4823" "4908" "5423" "6095" "7519" "8141" "8761" "10091" "14990" "17830" "23444" "27275" "27933" "29467" "29577" "31303" "31891" "46775" "48732" "48813" "49433" "50115" "50394" "51141" "51235" "51519" "51687" "51924" "51928" "51952" "52226" "52457" "52514" "52530" "52643" "52689" "53050" "53288" "53450" "54393" "54537" "54604" "54620" "54869" "55316" "55706" "55949" "56047" "56161" "56386" "56560" "56898" "57007" "57020" "57055" "57441" "57542" "58092" "58226" "58454" "58606" "58673" "58732" "58831" "59177" "59213" "59245" "59247" "59769" "60090" "60100" "60188" "60641" "60973" "61022" "61663" "62263" "62912" "63033" "63700" "63709" "64598" "64759" "64843" "64968" "66090" "66101" "66200" "66792" "66828" "67475" "67563" "67571" "67743" "67849" "67852" "68432" "69571" "69599" "71155" "71321" "71392"
"82" 0 0.680530164549777 0.887183320393066 0.519227642478918 0.395946902212496 0.912611106821332 0.316323370580578 0.358349465910641 0.131552942932245 0.844665383334179 0.27451048571541 0.0121439411134652 0.305204766219774 -0.148991320065126 0.112297108806226 0.545954733975166 0.364330632198846 0.176365555350367 0.605064626673096 0.687306391790028 0.218301806570713 -0.088200807656203 0.104720485718139 0.205021763664363 0.174284054138682 0.0650536053762557 0.425907759746163 0.0273795117908946 0.287910976574066 0.100111009603866 0.131986276989492 0.22853987998423 0.592500238743049 0.279569873824968 -0.0379683130534181 0.258652125275633 0.265101674710852 0.0408154665226145 0.21954458152202 0.0142428968944811 0.0748199200866424 0.0074651579294535 -0.114136015290837 -0.00723826630837911 0.00368345027457146 0.118171292588554 0.229549709431318 0.0430405234193794 0.346084658883368 0.198421637447395 0.522861538032848 -0.00570777270037207 -0.0249208940929913 0.235233469333466 -0.137534650451529 0.00289418380369652 -0.0175744192303486 -0.00521856519037342 0.00922718124746911 0.269714018967399 0.0644542511777825 0.221414179586387 0.120939438051027 -0.042742296135141 -0.0240107185346815 0.0768958135705605 0.0750512637655308 0.0531693772304666 0.252935353272957 0.326458000701773 0.115711008297663 0.31941402579983 0.28615850768884 -0.00646368434013286 0.0431481846097434 0.213424569226841 0.398421635798849 0.216334323672272 0.0136586203661286 0.504832926874919 0.219110918407445 0.104043802469106 0.118910444437846 0.459772662283315 0.307189242175628 0.0954661638611032 0.365896231358436 0.160284653955022 0.0593632160864189 0.36725574175245 0.223671654723175 0.116382931737795 0.115339970745359 0.0601679970640253 0.123936332377734 0.442237339335293 -0.000722335658285893 0.287778969407922 0.0558678015518726 0.0614182083856386 0.112843722630229 0.00449164091235208 -0.0159282741264306 0.0188038604015492 0.18601403886116 -0.0210726315681155 0.0634334866405638 0.00583412199759622 0.0109278718556212 -0.0955519211995154 -0.154477941802467 0.133874510367117 -0.033050088735868 0.139151472701354 0.0218251072544573 0.000289352232802365 0.0397735345835781 -0.0302510282011799
"131" 0.680530164549777 0 0.516091244816291 0.269357512255175 0.546131016266107 0.65493300951988 0.0518486836820699 0.251805599171097 -0.22947334545603 0.813138318207828 -0.0340907996093824 -0.291299724371258 0.125043615673357 -0.328167269517896 -0.102892982000859 0.179770738259765 -0.10970464384512 0.352413612822654 0.658639538388349 0.568924539413741 0.217535338164228 -0.198493742742403 -0.0955894956147347 0.11325781933733 -0.230622480943502 -0.230938441425382 -0.0425485555467739 -0.242450338683891 -0.109122249919532 -0.105786200299171 0.0236585012352252 0.0869205053233711 0.103529171279208 0.451113245277505 -0.357906405387677 0.0299615850677952 0.384391136735928 0.0697111554868255 0.174965865382932 -0.219023186110639 -0.0732263519550882 -0.244249517847926 -0.247481428856164 -0.297708223390613 -0.258445956120172 0.0780657526635807 -0.181504199272542 -0.196929285495807 0.605337899481941 0.0822947989611177 0.148048796824833 -0.245392289647508 -0.329086455068456 0.29818191005605 -0.297927199167535 -0.278521722768114 -0.313747609189213 -0.304013502845577 -0.293260102725323 0.382070524640418 -0.140038732964348 -0.0697048143386173 0.117579276861208 -0.108390431578268 0.0861809309086469 -0.134836505942847 -0.115177889691548 -0.0800844795874854 0.31265042003338 0.473526536063754 -0.100700557291392 0.121109591585461 0.0775609477518326 -0.272231053451282 0.0971734587103584 0.191373120505427 0.376046310428752 0.175282493795708 -0.297394419739222 0.370518792575725 0.172660593617002 -0.0704087323002486 -0.0620676484756313 0.102765890428731 0.498049261955264 -0.150605365765414 0.380575669365054 0.0754323752660114 -0.214115681807596 0.105105698953804 0.263912918259801 -0.0792826594084178 -0.0880444728669341 -0.14184377509145 -0.0530549893791221 0.385734971150267 -0.28943394544817 0.539997241259642 -0.158782135396958 -0.170263395749946 -0.0774729101996183 -0.298594600209512 -0.32629360221052 -0.171410711358894 0.076812575955897 -0.32502230942502 -0.150820615116813 -0.281517779037547 -0.315244996482744 -0.188778922019711 -0.326381302289167 0.305977727456875 -0.343490720691648 0.0218214324580195 -0.259575782625861 -0.274212640468203 -0.220602401591313 -0.365851626340046
"132" 0.887183320393066 0.516091244816291 0 0.592109655804371 0.436220843363119 0.85005145121452 0.429046231936914 0.446889838093796 0.333755254184781 0.816533323852007 0.487888221095231 0.21698378299481 0.522459111392971 0.0259379830468947 0.302838520881349 0.692385554496392 0.572745757794388 0.0941815194720779 0.645328494578824 0.62444957399079 0.414012603852833 0.0326087993423037 0.279421176938059 0.283658426432593 0.378162786184556 0.330537785310526 0.592328486396011 0.219687798222636 0.442434255376852 0.279119718995546 0.210378126663246 0.387288920825594 0.649187037814821 0.049675291789391 0.191782548106331 0.357421061808303 0.0884390504116747 0.0848385649626641 0.217824054905175 0.227588894096657 0.151054819036274 0.203794155060752 0.0475506210968073 0.222998255740352 0.22035871708762 0.0980553040690572 0.427107100698876 0.250631436728342 0.415300088333498 0.311676060534589 0.670526677942347 0.184720825815107 0.188287896357503 0.366315303882029 0.0448105372025649 0.180232371826462 0.196848774315031 0.190130009446883 0.207970651309796 0.202425763722785 0.318762983035678 0.359126765165848 0.119653297305936 0.138712119553976 0.157727589442669 0.284466513160946 0.286299654309361 0.158497493952333 0.191977023525669 0.272560864569337 0.259533240957454 0.434389952822918 0.52921005091397 0.193535757828939 -0.0149890808688662 0.430184189036736 0.551611730458225 0.204003476583692 0.212462406996317 0.667933770398809 0.19596989463951 0.167080685958262 0.219536325918475 0.663227237692697 0.0776834424875871 0.296368311992985 0.474589390986189 0.154356329696578 0.281899989072662 0.516765913385138 0.0981298382483051 0.265553391722428 0.206928656314574 0.203885982758835 0.278994878633515 0.536652777108532 0.250937404063185 0.0124157405801413 0.19172543955818 0.25621308502603 0.193475564662465 0.241868660580076 0.213672393482416 0.203307552521588 0.200348297953967 0.200113642912832 0.273745987920783 0.249645737286042 0.232073555533185 0.0439142575897337 0.0118991875346493 0.0477392927325877 0.192115047577016 0.192275091543608 0.234246565523019 0.189142693729447 0.249416493087674 0.206497664471842
"458" 0.519227642478918 0.269357512255175 0.592109655804371 0 0.540671101685884 0.239248240932355 0.837252904626937 0.730860161516836 0.483939419380021 0.561126188173198 0.803864508312725 0.510597507003613 0.544629535991453 0.161119662960755 0.608720687852484 0.779996521167733 0.709556044982381 0.369258210874962 0.705521380511406 0.57046352858276 0.412201284890584 0.211241563661071 0.62800185798758 0.705543926871962 0.504322477561271 0.509449606784509 0.552435150431823 0.5304852858027 0.425629711235511 0.582410235474508 0.53189772175987 0.657773562236802 0.343932903053693 0.470501563916119 0.456152849596326 0.637636699354618 0.537525214576608 0.337219694657873 0.693003397465474 0.416477648159202 0.363739129107011 0.452391297931896 0.151462549767445 0.494172504225231 0.474317723943407 0.399881461831071 0.741399381095801 0.520997746977699 0.450129228640879 0.673304997597419 0.865072498054213 0.407543641885101 0.442391373274539 0.503754119590651 0.196024056347805 0.511501084212905 0.473736799121687 0.519118208200943 0.551317055902101 0.550198524656906 0.502284988476131 0.642045408483628 0.34777776303473 0.231298542651511 0.188208577254745 0.527358483299933 0.491422596523548 0.30369853906522 0.546849418954904 0.606405735777164 0.633324962825026 0.88590208988334 0.739673418258197 0.449636828364343 0.355885312674841 0.498366628235807 0.757868663063622 0.680349959314423 0.525940225022175 0.783045822659539 0.616345015932578 0.60572524411211 0.639860154703515 0.828813575207404 0.486995916015278 0.58453070278539 0.686435215610611 0.604408940652303 0.525321997982212 0.676512789914706 0.538240014202531 0.664216903741681 0.680183320698333 0.528998984047657 0.650929125219547 0.689269860920862 0.507757817794261 0.35801744253716 0.53777528878882 0.584236948779654 0.670407523209515 0.517940034834412 0.510286994034787 0.385480673875887 0.653397079761745 0.477644310074473 0.548010726130002 0.525502863764369 0.476339981777218 0.233485130374944 0.203171481034041 0.368783318653966 0.464011673502028 0.596066334949554 0.533805193013619 0.482505604862102 0.572288355866247 0.489040070186453
"567" 0.395946902212496 0.546131016266107 0.436220843363119 0.540671101685884 0 0.270589268004727 0.429249408653679 0.490439988370504 0.0949021230276568 0.676567463043826 0.424672864769399 0.109753386885481 0.426823758847988 -0.0897236827491511 0.285690852874897 0.447920110302678 0.264036003552049 0.304256314700243 0.782960940605278 0.434539967662595 0.487785405483952 -0.0119796759338474 0.293596863815225 0.401795038499871 0.0835832436856546 0.204607608605815 0.136807424273877 0.148202034713924 0.0703523690898436 0.277659183499728 0.266781740732595 0.417658964105529 0.00376590730814789 0.32027134188852 0.0704918476986125 0.285932464965572 0.337512473993283 0.170006829479935 0.371610455477987 0.124888176702275 0.118562745711215 0.126411899271847 -0.0324798615933172 0.12974510956504 0.144351247824046 0.179742595575473 0.267549924435914 0.199243594589993 0.728998676340737 0.391518534060603 0.476602743152479 0.107960863156862 0.0675510461622175 0.56401451658695 -0.0452338037685253 0.101756915782735 0.0914879270807118 0.0993836757877915 0.120550431292043 0.444328217758746 0.286706514683111 0.228358587606595 0.144919604963837 0.115600815652542 0.182446509466826 0.252302352490698 0.261791548048488 0.0457090546752542 0.384536623316008 0.551397956304491 0.253255244215525 0.532988990479455 0.555716872136041 0.107801085492194 0.120466123375041 0.522257719373517 0.733686024785312 0.363896137833187 0.103152643198246 0.692736656931897 0.319267022694918 0.198988580029978 0.247483759934014 0.498433675631439 0.364232014294333 0.245729334796971 0.67806310195146 0.259328639389472 0.188672610550436 0.365627106376786 0.280514388933351 0.293480437836275 0.234453849696518 0.189787486257193 0.317079734049884 0.576262250792774 0.160432564914675 0.316235480419802 0.172954101127158 0.225671150740067 0.231331630402004 0.14178580923292 0.110668771201061 0.15624952041814 0.28669166551869 0.0921799694698599 0.255108838744649 0.166739126577924 0.0837763667655556 0.0218613966207174 -0.0799279810876184 0.273841303849059 0.0756458277783253 0.269396914039715 0.153383679581323 0.10654933648107 0.20134677313676 0.072993671102988
"578" 0.912611106821332 0.65493300951988 0.85005145121452 0.239248240932355 0.270589268004727 0 0.0326878920468698 0.134302761196599 0.0191093013922465 0.784187420777735 0.0755835737476907 -0.142763699442194 0.232349949136832 -0.186679425405377 -0.0663179885240605 0.371196747414369 0.202232729945043 -0.0040183449641416 0.449234539538448 0.547223085740601 0.189764997407213 -0.161450570993473 -0.0946154205440239 -0.0558842439874248 0.0604588232616097 -0.0373674916454583 0.333004953075298 -0.139690190370258 0.218184800871999 -0.0799419123113274 -0.0612178255112642 0.0436039865688927 0.587209268280007 -0.00944843468694044 -0.164540693269666 0.0460731165096398 -0.0344811166428707 -0.096132400828508 -0.0776585491363427 -0.099213149841527 -0.0547385975800421 -0.121780400145672 -0.139590619757339 -0.144113002917709 -0.12571867566527 -0.0685421603720308 0.0102236164784023 -0.100486944533373 0.276623640507945 -0.0304117520068421 0.297710216144959 -0.117924269495472 -0.152589567655122 0.129400241117185 -0.182991273696306 -0.171319023189792 -0.155693068542516 -0.175546956787235 -0.172398583020055 0.0332395046850086 -0.0333558589576541 0.0186284560939084 -0.0274132012911231 -0.0725883458232399 -0.0224900995961219 -0.0603956686722517 -0.0404476526914118 -0.0385692658871601 0.011777465169316 0.087911986785933 -0.103421408075727 0.017178043690103 0.125072286055034 -0.136609005788229 -0.163533319062809 0.151724846352184 0.220260631550242 -0.0803545493984808 -0.153808053355398 0.341967429650767 -0.049676669132598 -0.153109036555522 -0.12828946737733 0.268728181844267 0.0188563933635548 -0.0725202568303327 0.190626676394057 -0.113568665596526 -0.0771164940647091 0.197263585085358 -0.0602263449237604 -0.113939887826392 -0.160395370607143 -0.121461705940566 -0.0926452413016776 0.270265378390234 -0.130061988420502 0.0366588436661469 -0.137093570877165 -0.115962198692208 -0.162641506579554 -0.137300109722333 -0.164718412182768 -0.0725319355634193 -0.095792105385115 -0.158325246091341 -0.0871495543062417 -0.133896947038902 -0.119096828134214 -0.169335261007624 -0.217183687958192 -0.0619201083476582 -0.164711741224479 -0.103442828981819 -0.138150742887006 -0.152967669522588 -0.13443059560581 -0.169612242063139
"657" 0.316323370580578 0.0518486836820699 0.429046231936914 0.837252904626937 0.429249408653679 0.0326878920468698 0 0.689787404206492 0.546562710637571 0.351543670387527 0.773902141838874 0.592719830851936 0.524137843700726 0.263879523089735 0.651908179601201 0.723859807044624 0.723569820240248 0.318851133239451 0.557888567039368 0.425186432699378 0.37929495045884 0.28030239685708 0.67251556936927 0.703657503442031 0.557959126323971 0.576124356886231 0.547991063971376 0.604794439203147 0.439703602084019 0.628171495396242 0.545432905764326 0.660866168448222 0.279962251850967 0.386140458706161 0.547473415579412 0.641720713213567 0.471180645045297 0.353183072788788 0.68189018198681 0.480791610380291 0.391189123652152 0.524061549758865 0.227566364582894 0.580275649093408 0.55062764942601 0.397099117083682 0.784478542285962 0.584951397135721 0.333353325777201 0.679912203890027 0.822904624192762 0.478236918194651 0.531361788360769 0.457489316656797 0.288647547265227 0.593202495884013 0.56035439918903 0.606040744115511 0.637555261361842 0.48363796073669 0.551242165220501 0.669954651646352 0.344689295461283 0.281645135424763 0.220371365741736 0.576932237108603 0.535623612389735 0.344329185008676 0.496583361585809 0.520246500522157 0.677458225810997 0.872922673836832 0.731499422238552 0.527788330245936 0.364545249483365 0.471329852657366 0.68546228236834 0.662438145352725 0.610841425459581 0.700488904955054 0.594940359151989 0.644015997604224 0.679068917245291 0.800930881559927 0.392836540788245 0.637929272606533 0.614092696286548 0.609059603025005 0.591059102349106 0.658910843931466 0.49562359097428 0.705980077317931 0.725259193894482 0.581469751074264 0.687343485734521 0.614139590832943 0.592130692161432 0.249827084147077 0.593692704786189 0.645857100341304 0.710985768850926 0.603970895463174 0.604539161160006 0.434122804894348 0.659791435110377 0.564957088808792 0.603276051780351 0.608524170559423 0.561867934570542 0.304230078003521 0.300825613447525 0.331975034643499 0.556326513873148 0.61378496554151 0.612960783654743 0.561120914290904 0.644976526674008 0.588705118646863
"749" 0.358349465910641 0.251805599171097 0.446889838093796 0.730860161516836 0.490439988370504 0.134302761196599 0.689787404206492 0 0.636885764802804 0.454927312912592 0.65285240715222 0.680106492355248 0.746208688099083 0.256077291456648 0.805658721110361 0.634919448858029 0.581147760409256 0.414811104334542 0.61126691074393 0.333348084263501 0.301837611318078 0.299325350794523 0.823707353828796 0.876116846170686 0.656736024461448 0.714183447764713 0.679586605228322 0.706074762277574 0.532239124297997 0.773994625493761 0.666248849147302 0.855857727995785 0.35942944997735 0.466384552405735 0.622235172605515 0.78919674132998 0.566499908217727 0.424632397982629 0.82497082327278 0.569110943063246 0.457290738029172 0.616264978693306 0.245714487941248 0.680097896919363 0.665845303375257 0.478516620909159 0.615459531866113 0.700724284884539 0.61669483867082 0.854158489977813 0.707576549876844 0.560315564691639 0.604710483674142 0.68792001492196 0.308132359373961 0.673237835624199 0.643605568401258 0.689451943548218 0.731118671671681 0.638039028050126 0.711759712568552 0.807706868821348 0.408411376064424 0.360519927071076 0.319484374958889 0.723528781381312 0.683733241238563 0.392358135994793 0.352426391556405 0.717408909615382 0.809105988431232 0.745064169099203 0.662481153615626 0.614017299243027 0.395101541108676 0.711122364232531 0.678865871115297 0.800962954297599 0.699354063919496 0.684065662987303 0.716737870947488 0.738696641325882 0.801060437850153 0.699029135483491 0.487057636306033 0.777849439499586 0.612887135287245 0.711065479650841 0.715113989787781 0.853228673799142 0.580843643883984 0.852257920895367 0.838159835296343 0.68571818453872 0.840941150874714 0.867961098875125 0.708070942173961 0.315508376483522 0.690534738329203 0.770777708300036 0.820308382002854 0.708855063392844 0.694583886096247 0.535921586440899 0.777574641345464 0.651838417804339 0.744988070740302 0.725164113845759 0.645912211878173 0.341576977427377 0.301812729731241 0.413312649977541 0.634430534615587 0.73008089884413 0.718295094117664 0.647124556875535 0.76807805728554 0.670171256836986
"1452" 0.131552942932245 -0.22947334545603 0.333755254184781 0.483939419380021 0.0949021230276568 0.0191093013922465 0.546562710637571 0.636885764802804 0 0.061998527973489 0.620522615833944 0.78170201349042 0.675795249471387 0.483252136131767 0.764293894479851 0.553251560405405 0.67759944191581 0.0909524227698908 0.175937541893658 0.069777932614685 0.225679566320273 0.405165115686568 0.758068939720965 0.634687202582653 0.7993602515049 0.822509036137914 0.783006440009326 0.760044697890935 0.660195332410295 0.736364800528314 0.52936971957906 0.701315749591339 0.488746710397008 -0.0308954664396177 0.780277262412322 0.675214211007525 0.107816609990543 0.327278138418999 0.515127527429031 0.644723849017336 0.430260315263335 0.698347294955918 0.414542561665463 0.789845476635243 0.740043231634315 0.287300124463641 0.671483389534086 0.749650800665015 0.179525462994841 0.656862609336598 0.602359346509162 0.65091796292596 0.743206934499506 0.426999350291077 0.501381737707477 0.742040544166458 0.762642359214857 0.777552377481268 0.804726587028688 0.227808689077505 0.751072963772647 0.760800951514097 0.289819644916255 0.447104325842058 0.370685773872093 0.724702885596002 0.692017770142362 0.454645231437677 0.0434663023043502 0.266360206799833 0.737373238308356 0.522712252123431 0.572788813596949 0.709052636855148 0.210882911751701 0.562751668298385 0.374529960978611 0.487270361395424 0.790117897091041 0.437016980268238 0.434455034990687 0.61146228742458 0.683397274145803 0.636669939706307 -0.0353340981664154 0.780336580958459 0.298132184863384 0.476657071249394 0.782730791987662 0.752439143805736 0.215450057499255 0.754704563265896 0.713658448090432 0.662397435373856 0.734514330081105 0.562631519089547 0.817566536985173 -0.214096447499984 0.668617758212863 0.773162993739039 0.687327497061623 0.819792497330608 0.819052876530151 0.588567967941099 0.547041394539434 0.77611163199968 0.748255909747148 0.824795044083395 0.782402128044343 0.435051457684742 0.497068827083035 0.0995142704935444 0.77654082397046 0.554574149987835 0.791431904296101 0.735212215916705 0.802588558761807 0.82890398855581
"1564" 0.844665383334179 0.813138318207828 0.816533323852007 0.561126188173198 0.676567463043826 0.784187420777735 0.351543670387527 0.454927312912592 0.061998527973489 0 0.350102917066657 -0.0172790297782644 0.429376988057158 -0.196680416714017 0.164716633561652 0.546761453806157 0.29975036464086 0.256822108318205 0.858561087567793 0.667029187208832 0.449795476905521 -0.114527535662828 0.156661857306338 0.282763235536844 0.0787528370481231 0.100865095265072 0.279225246866534 0.0168568635949433 0.162417170375219 0.150391098123074 0.170749397309002 0.332882519823601 0.334943343718874 0.29836527002621 -0.0718114252448328 0.246123505444667 0.289463707557972 0.076694397654218 0.262939544719014 0.0187369347696232 0.0580495341860671 0.00699982838942856 -0.127755302392072 -0.00851185901630289 0.0147720402836153 0.116239727243818 0.197014482405305 0.0733542520876929 0.705073375353396 0.28185061664798 0.528777783341123 -0.00490350846097746 -0.0578422552336888 0.47574853799903 -0.16379336642245 -0.0335203881005042 -0.0413314257471457 -0.0408800550953177 -0.0222329494451887 0.386224809672267 0.166705841741784 0.18300610334594 0.107106724756374 0.0202901648657952 0.0957291840345263 0.136039706204965 0.152128382725268 0.00538318303242156 0.328163421507193 0.496417200695609 0.129513947305333 0.421045515266807 0.468690192390787 -0.0164275995910652 0.0222492813738719 0.453605000985801 0.673781745465041 0.257254730739115 -0.026267318506535 0.710156730692649 0.24281188211301 0.0764496849633145 0.119792058636031 0.51862563892712 0.347425560590514 0.125647027414753 0.615366747277741 0.15608136075699 0.0762158584984703 0.38354969637042 0.221832922815929 0.154499992349672 0.0957920329613855 0.0675411471766495 0.182468211391756 0.592722490044266 0.0201242385986101 0.325396449235431 0.0492256298654197 0.0888616160320265 0.0938351362078859 0.00243608439497877 -0.0334077517792181 0.055903014729058 0.184205814235766 -0.0427315505181605 0.123878296637501 0.0243156768752078 -0.0274789711049897 -0.0947419650064459 -0.205331648295139 0.201980835923495 -0.0607647311820374 0.156909663081667 0.0189753318588578 -0.0236836069683124 0.0600602102877498 -0.0666170482157495
"1677" 0.27451048571541 -0.0340907996093824 0.487888221095231 0.803864508312725 0.424672864769399 0.0755835737476907 0.773902141838874 0.65285240715222 0.620522615833944 0.350102917066657 0 0.647791977124446 0.65647836344301 0.34626622779752 0.696270812068251 0.756513816440685 0.795059185367557 0.177133679796321 0.548515910627598 0.340651023380343 0.520752975414217 0.319056085594534 0.694084528911078 0.642597268730629 0.639301758450907 0.709657827080084 0.625391525858463 0.648030167316911 0.515765829962753 0.669244154777303 0.502574168209314 0.685562508098164 0.33173879390146 0.0869259340170465 0.635975602840528 0.621498960222062 0.201867366158488 0.31337231921898 0.532408508455419 0.547738556003008 0.376213530174148 0.588997684047819 0.318172954234749 0.66596396278288 0.633608014505003 0.288055065130399 0.813072543001123 0.650192355118758 0.381174691657251 0.648919147277113 0.832043814140761 0.551146984932961 0.607611899910607 0.515400351563122 0.382475238454482 0.619814384514703 0.630371291600359 0.649982564286675 0.674334709462091 0.331289444868446 0.68567345009379 0.66395022267324 0.268535359513166 0.395707999530943 0.354115321783467 0.652207067455858 0.626125526599661 0.371809167598548 0.341745387206579 0.381535396131763 0.663842217442821 0.812442819105017 0.83659434468687 0.593668791255238 0.213700134773382 0.61074499667462 0.729780244014159 0.51828920106946 0.654969968746983 0.761906843516968 0.445549792122561 0.550012056687541 0.621455444235939 0.866010539195912 0.0971598513513635 0.690961605465858 0.625457351151749 0.467099518744703 0.673612321786833 0.69263152267708 0.266514263775998 0.691570768591986 0.642548541367176 0.585183702982388 0.68980766566479 0.618272823805952 0.694644660340487 -0.0582733866756049 0.584815783713142 0.684865241440691 0.621129160355391 0.689292712347327 0.677500994565532 0.519443206524255 0.527253776578646 0.64479787031175 0.673207034372693 0.701488230199908 0.640143247613104 0.35501437312771 0.369814711475271 0.176838517861567 0.63617809099935 0.528293915114313 0.670674465465751 0.611214605086845 0.696140070413457 0.671698627861068
"3179" 0.0121439411134652 -0.291299724371258 0.21698378299481 0.510597507003613 0.109753386885481 -0.142763699442194 0.592719830851936 0.680106492355248 0.78170201349042 -0.0172790297782644 0.647791977124446 0 0.674130100348176 0.494364732024102 0.816557173106211 0.531778945996178 0.676416558775122 0.144763029877329 0.17066906039589 0.020208378181589 0.215993129016961 0.439923864917463 0.81781489798995 0.710151995114129 0.80460919413667 0.850687665840782 0.746497606025775 0.815059485275515 0.632945946869073 0.787297626419039 0.582053689100298 0.747149849531529 0.388122673595055 0.0472505785580862 0.82276351667137 0.715424357752307 0.190380751822617 0.368344618530029 0.601224942535147 0.680815156989719 0.464836741800951 0.739666710488423 0.433405172433385 0.835638949756089 0.783300562334679 0.34097296739399 0.701856361790545 0.787056003068828 0.195836832877124 0.724114824960929 0.602742851696723 0.688532609230343 0.786547074434748 0.457323483225613 0.52600520187546 0.797925914175488 0.808396131008901 0.832717195668279 0.862564335160889 0.293574797132167 0.783039579430619 0.799830277907072 0.319286922810001 0.465690376697234 0.393629710708192 0.766611920416671 0.72366170001237 0.477146435202318 0.097254617058919 0.314608539479409 0.803161462718577 0.587126535137891 0.59365728764276 0.75211194479441 0.280805236633146 0.582228898680809 0.400810768273845 0.572736475338402 0.843953544879147 0.439157479616838 0.503493443941134 0.688306709662971 0.756642173444352 0.63074386169931 0.0405623389741568 0.828126225942509 0.327536710299465 0.556372504454196 0.822105263229724 0.76161082739967 0.293992314512974 0.825118137711413 0.797299563116871 0.718869459778003 0.80120976784335 0.587158972042314 0.861482544814517 -0.148457050315735 0.733315778415706 0.832488009188122 0.770310480684678 0.864928927857424 0.863838487945318 0.619300599648248 0.628805983242648 0.821768737703302 0.796706266905181 0.868250565514088 0.820226437676693 0.47111565315997 0.531099915149174 0.163111630549653 0.821274324307466 0.626414107571424 0.839804879695316 0.778172824203543 0.854467766103983 0.869769031368056
"3248" 0.305204766219774 0.125043615673357 0.522459111392971 0.544629535991453 0.426823758847988 0.232349949136832 0.524137843700726 0.746208688099083 0.675795249471387 0.429376988057158 0.65647836344301 0.674130100348176 0 0.343289299092571 0.759986626859042 0.625883545355871 0.623751862810632 0.158122779829976 0.532032405372746 0.201475386846968 0.469791019728023 0.310158228941211 0.743941152044671 0.658558829929866 0.699394934639479 0.812375364918207 0.729655843681539 0.671408207144652 0.590439366610789 0.730897631722064 0.517477535188356 0.785752822977164 0.42733963204549 -0.0205235633052069 0.665462481225123 0.661395882839845 0.110003385425019 0.307859517607066 0.505097831800532 0.591370166560943 0.377510729021408 0.626182744899451 0.33838131017099 0.711439741279194 0.67801829795533 0.24804924553718 0.584607414640171 0.708247015642507 0.604895040732842 0.69644026666032 0.646932452681444 0.584687079663413 0.633877750524873 0.684360032905011 0.394545336818678 0.618668534359326 0.661204903648463 0.652219262549641 0.683352802236398 0.336282786793288 0.804096582610861 0.700472385992309 0.245711191445397 0.465109630723545 0.464675466078952 0.730736858203619 0.719306371673027 0.377980673767714 0.0844990459501257 0.428371142610262 0.685053576901551 0.565380057402516 0.729817945979387 0.624561759680551 0.124081702579436 0.820544224481291 0.661901365258429 0.475952638924184 0.667733061595343 0.696838963103986 0.411999423349984 0.506388768748267 0.611263025965595 0.717408793926512 0.00642688299091314 0.7521535605422 0.554799374076189 0.412857958912905 0.739309210312735 0.801099579899646 0.179652310739672 0.720887469699218 0.610347665395785 0.602108087420877 0.728765474749111 0.771999346099052 0.75897800888582 -0.163053815256602 0.586328485198395 0.740495889797212 0.583913675203352 0.737093630491975 0.70947509779389 0.575517983073618 0.489043268620099 0.670616466895198 0.746279518150293 0.76059139126271 0.674387858652403 0.370806856334379 0.354504337141389 0.135400378769999 0.665083763970233 0.518862497972188 0.70666874180731 0.62691837741173 0.739040223819951 0.698830740954509
"4087" -0.148991320065126 -0.328167269517896 0.0259379830468947 0.161119662960755 -0.0897236827491511 -0.186679425405377 0.263879523089735 0.256077291456648 0.483252136131767 -0.196680416714017 0.34626622779752 0.494364732024102 0.343289299092571 0 0.435834341316418 0.236657277300781 0.386404929741522 0.0728370599063975 -0.0783099223638375 -0.028544850418147 0.215857876343324 0.412551561630423 0.426082373517887 0.289559412674086 0.505589241036274 0.517065267442532 0.417574089368672 0.470233997214279 0.37507775812613 0.42386088656474 0.261237188837428 0.349067843734562 0.209973616260976 -0.193078866755766 0.519718972631917 0.335597451033581 -0.0967524870868023 0.330392375499423 0.19694720794982 0.40810368469134 0.240243408845972 0.441489558894463 0.424601205231682 0.526061594887026 0.471362539192078 0.108626090272949 0.410547940217766 0.45375381396821 -0.0504016811401974 0.316412447482442 0.277432283317059 0.419136156659226 0.49679769797429 0.16000080804925 0.781235664957371 0.466430086534986 0.495722930621614 0.494491015565263 0.505147560862531 -0.00946555762209931 0.455514259248423 0.409391293550702 0.260929614422827 0.450077480107939 0.374923188038123 0.430076238741542 0.40890696981426 0.4377587430672 0.0298049900309827 -0.0181663261453107 0.413229073342527 0.234912658920212 0.303735248936467 0.455737203859261 0.206576427999762 0.27417876846468 0.111706511466051 0.181384837302411 0.499404532984593 0.1403995456886 0.161794411193316 0.325426738812273 0.364906363562885 0.312075735520166 -0.2070036750563 0.458445718357074 0.0631336622885459 0.221834438592134 0.48075553910855 0.363911760908586 0.00898932766119053 0.412944339621452 0.381465547688562 0.385814377201809 0.399375941635183 0.191120285977034 0.526358874131239 -0.313789589506217 0.390195075133025 0.460212070410794 0.363221629902774 0.528478665710251 0.526766165229387 0.36958818474041 0.240693969898092 0.50662531695876 0.446236231341297 0.524132188000878 0.50596408323657 0.444485729893943 0.51108539398715 0.0880328443418283 0.512360002153393 0.268463769792191 0.492454873492933 0.463755813558119 0.496875140135234 0.547512537150744
"4484" 0.112297108806226 -0.102892982000859 0.302838520881349 0.608720687852484 0.285690852874897 -0.0663179885240605 0.651908179601201 0.805658721110361 0.764293894479851 0.164716633561652 0.696270812068251 0.816557173106211 0.759986626859042 0.435834341316418 0 0.595000218529942 0.664375565825132 0.245143416832228 0.366054688612161 0.117784123280959 0.300102211316715 0.41025302773998 0.868216582573693 0.810442614346434 0.785714229297172 0.862704949294611 0.745282321602029 0.822691605133585 0.618329010074937 0.837040520841359 0.641527882727156 0.839103628614221 0.36641116824333 0.171705730227195 0.796192045243819 0.772999803420325 0.31270614692581 0.407008145054351 0.702784186515615 0.681750474369521 0.48139589955103 0.737291488302573 0.395010108891738 0.831156847456017 0.787524223457056 0.390880182099682 0.706346795949066 0.80588577496245 0.408457629717327 0.813546659912137 0.669088606652086 0.687321766328081 0.762500556088713 0.59916449497591 0.503863601707554 0.794182936185193 0.798302889949817 0.825050089625806 0.862925753425012 0.431454954468095 0.82469429575651 0.835487708893688 0.356376526157773 0.474984844619383 0.40716075741734 0.802105686764864 0.762636920613976 0.470234075358544 0.185547821195212 0.483083474003746 0.845529847425307 0.681349865854935 0.682140771713582 0.744601280682699 0.318465547193746 0.71277692790675 0.561692692491453 0.673021456717532 0.832102357239043 0.581513823342049 0.592700456351679 0.726766139259227 0.812713913464648 0.698924946987087 0.178171887265587 0.858630189055055 0.4752347197099 0.624217016688925 0.832828983011736 0.838688534013276 0.388332989690697 0.878528656179353 0.840418365987221 0.743967316206832 0.865229520371764 0.733484606162899 0.863062468848617 -0.0141311164893593 0.749073238874452 0.85872976942482 0.814982665000849 0.861290852428661 0.851934956674684 0.63150489497233 0.698139232699629 0.805265412254808 0.832184289382039 0.871412008048408 0.80100723345409 0.457987885628071 0.475604584081606 0.257784726273721 0.799364611084781 0.688635098682859 0.842151762423636 0.784182569579657 0.872416823430257 0.844515337139447
"4655" 0.545954733975166 0.179770738259765 0.692385554496392 0.779996521167733 0.447920110302678 0.371196747414369 0.723859807044624 0.634919448858029 0.553251560405405 0.546761453806157 0.756513816440685 0.531778945996178 0.625883545355871 0.236657277300781 0.595000218529942 0 0.770524428736653 0.189137074390843 0.61597811058888 0.498016603700862 0.475876213540782 0.23233271703979 0.590114787828593 0.568788240618433 0.584724929571765 0.595474094215021 0.659883339064118 0.536298107992023 0.524134369420071 0.56793929289941 0.444629830513761 0.620289156016325 0.485109310335592 0.151036155420501 0.508653069902475 0.579763935943301 0.23866548401138 0.262778265871467 0.492891949944625 0.449358720291212 0.329544903698965 0.480760690669573 0.22426071139513 0.53750106448379 0.512307093328574 0.268020999554678 0.734772142947875 0.541614306741745 0.391322566967955 0.57968461143529 0.840560107588771 0.445918894701676 0.487099067371042 0.47446546053913 0.268630842368635 0.505162502448432 0.508362184053764 0.524697365702608 0.554268210417749 0.339103387483303 0.570460725599154 0.611992265254588 0.255238344170976 0.300833572192987 0.273757600025284 0.54978368670503 0.527038913655004 0.320869075364349 0.346932918938625 0.395097266417166 0.572888511344367 0.748132023502166 0.756310821669123 0.480973291216335 0.184196326358182 0.547853385905581 0.697384122345034 0.471912784319432 0.54021013835828 0.763457970496237 0.424937382425746 0.478001032031794 0.538888858770449 0.846197540657654 0.165088306329035 0.588561607628595 0.603712030246576 0.423507040234627 0.565302744990192 0.678538501177078 0.281028393668484 0.592957170165418 0.555550443004862 0.49228061320759 0.588344732189919 0.632002388406986 0.563947202924055 0.0332989853353408 0.491482804241838 0.571600721716366 0.537359158478806 0.561834368906013 0.547568934434779 0.421401818828845 0.482380522881154 0.515713405393502 0.561922418908059 0.570462075688463 0.527117528905337 0.257682703368244 0.255466820052071 0.175643201005687 0.50868197379343 0.467612481027781 0.552920726961888 0.495504001314614 0.57650112752005 0.539686607044445
"4823" 0.364330632198846 -0.10970464384512 0.572745757794388 0.709556044982381 0.264036003552049 0.202232729945043 0.723569820240248 0.581147760409256 0.67759944191581 0.29975036464086 0.795059185367557 0.676416558775122 0.623751862810632 0.386404929741522 0.664375565825132 0.770524428736653 0 0.0835971789676765 0.404006986536094 0.342000848795301 0.428424367727193 0.333792144550718 0.652961177389013 0.551562973372254 0.712276778441096 0.715491578896777 0.741493707080454 0.653427713713842 0.612204852773651 0.635015821369165 0.455729501644544 0.628540393811047 0.517984309735714 -0.0181351188427743 0.663848978086513 0.603312087229235 0.099296111498466 0.271378518537469 0.448291276542522 0.552652866154923 0.394055789423465 0.598092946019222 0.343221888776154 0.674975818285908 0.632535347798626 0.247684444508412 0.830615670090937 0.637419794572934 0.191772283144442 0.575556922265156 0.826263422330052 0.555445122345152 0.632158249338405 0.390245807287549 0.411330621760069 0.63028283937434 0.663816545910553 0.661437832489327 0.685668929669833 0.21131743491075 0.650603031760444 0.679635822787923 0.250236340439766 0.381744910283151 0.317930005050348 0.629459217261111 0.600820888766551 0.395507566554259 0.244371014987255 0.236164848094821 0.636437686761914 0.718730362282256 0.752622241351487 0.604365097692794 0.168537639560248 0.510363685151208 0.580268828969072 0.42355101447279 0.674564864190873 0.660662673200778 0.378700627885511 0.521645184148502 0.586976556721564 0.846720878481782 -0.0187210586160124 0.674680973604891 0.482059539710081 0.410736163433373 0.677112033569736 0.692036689695894 0.189474012317158 0.648417422425225 0.610590125945183 0.571094767033974 0.635766580722926 0.530830279491088 0.700110458086953 -0.17325415709543 0.571166462609203 0.66406524870397 0.587419483760001 0.69995383882422 0.694033764551789 0.511412869126819 0.473816649151075 0.661468639978849 0.644952431314543 0.702505327526727 0.671322522678684 0.358342516955997 0.408000625060699 0.0836621374944019 0.662004485214778 0.477505385622881 0.674500283723843 0.620388402230061 0.685554748650147 0.701843409861422
"4908" 0.176365555350367 0.352413612822654 0.0941815194720779 0.369258210874962 0.304256314700243 -0.0040183449641416 0.318851133239451 0.414811104334542 0.0909524227698908 0.256822108318205 0.177133679796321 0.144763029877329 0.158122779829976 0.0728370599063975 0.245143416832228 0.189137074390843 0.0835971789676765 0 0.353570041537483 0.58081544755975 0.373364143940869 0.437702551118532 0.281432186729319 0.430148086488932 0.0877392839396065 0.0925692254170735 0.0959880436540101 0.179761923440074 0.0488384381469005 0.237969984392348 0.301540375283116 0.313923485975889 -0.0140608008821567 0.556028744993821 0.0824768695387453 0.311213193827123 0.554292413988037 0.704282279299979 0.494835742678954 0.109329935345419 0.169403420678079 0.125759145536981 0.312633324950763 0.120926535375684 0.123474621191849 0.298543929703302 0.152450390518082 0.164446696796185 0.324596306613422 0.375531272743057 0.244170089424955 0.099744646536639 0.0922650044739196 0.276533969190534 0.112097093901461 0.17726594971253 0.115642644683957 0.164629497360577 0.18504159864028 0.474521979582111 0.128500557696584 0.275651010586225 0.699560500730732 0.48042878641633 0.128522287444969 0.176260051566488 0.152104518172566 0.594033543344541 0.680063120445444 0.50901997576452 0.300634939977264 0.370174223154137 0.168041304652361 0.117477177515872 0.746599370214437 0.181278744818746 0.297489049055558 0.493661205170662 0.168244459159784 0.25610072828927 0.450249101114429 0.358587485742181 0.347362802906566 0.188263147839989 0.569711148468302 0.214487285929217 0.305016396796853 0.43811205816776 0.146395303132325 0.277796936064139 0.494914958899198 0.327527565768862 0.382705988225725 0.273035158894997 0.315957813790356 0.381698237067083 0.11699693888894 0.52657650184297 0.242207403150152 0.223247614266275 0.385184460357691 0.128722727568227 0.129466907514258 0.0947388523777571 0.437699497404847 0.110493814137531 0.191434206571675 0.134438088547707 0.101968626167065 0.490309880404684 0.426801653071622 0.786427833489325 0.105861400565044 0.386643821852941 0.165972398769381 0.145370707551966 0.203007271789577 0.104825007197482
