"84" "88" "104" "125" "126" "208" "253" "419" "432" "502" "549" "551" "701" "702" "838" "1142" "1233" "1240" "1676" "1799" "2542" "2557" "2586" "2621" "3011" "3039" "3320" "3598" "4307" "4350" "4566" "4843" "4907" "6699" "8092" "8429" "11488" "13222" "14905" "15697" "15802" "16937" "20886" "23357" "24303" "24660" "24913" "28995" "35480" "40990" "47563" "47828" "48294" "48610" "49101" "49643" "50042" "50129" "50140" "50224" "50389" "50527" "50854" "51015" "51023" "51181" "51420" "51968" "52108" "52116" "52600" "52666" "53244" "53334" "53441" "53461" "54105" "54161" "54253" "54265" "54364" "54823" "54926" "55089" "55690" "55887" "55971" "56071" "56146" "56176" "56217" "56280" "56313" "56380" "56434" "56461" "56664" "56711" "57118" "57818" "57834" "57862" "58626" "58674" "58678" "58873" "61179" "61595" "61599" "62709" "62773" "62841" "62844" "62846" "63060" "63108" "63181" "64747" "64805" "64951" "65215" "65359" "66472" "66666" "66702" "66837" "66842" "66856" "67337" "68735" "69099" "69218" "69455" "69499" "70011" "70141" "70411" "71701"
"84" 0 0.460110604286688 0.514788061015367 0.467985786900821 0.430581518056372 0.453761426079253 0.263162106246998 0.423730804813726 0.50742749733618 0.0969755436504185 0.146137572723089 0.223928985666602 0.0384470073192156 0.287130325868364 0.0359377175242719 0.49507880387577 0.38807825419442 0.444423904364532 0.2693521920931 0.091820629152227 0.60052813288595 0.256312433894103 0.238515706690277 0.0689322172279101 0.154442256363424 0.304412902284523 0.132985847906039 0.502027698095069 0.16052083364498 0.14872318684555 0.0907535246203007 0.16059203409527 0.0545545127784736 0.306070968885594 0.131849817005267 0.101404325353712 0.230765609725628 0.085461563333858 0.318266033610017 0.509469264418523 0.122916407253143 0.205862198613299 0.0705503825935371 0.285042363187251 0.623043705386672 0.119133279975595 0.197567517448164 0.392382942401452 0.158088238683175 0.0369368547615419 0.197366453441248 0.0855723086147605 0.0545246753428601 -0.012521733994736 0.477494693754092 0.190766174494809 -0.108119953245034 0.426887471094341 0.323278951642006 0.295454408281155 0.132609274982504 0.466859863998596 0.11727741710824 0.118378297983696 0.235548965477098 0.359872722092792 0.136760064578338 0.35592335166084 0.182466243031684 0.0997887074777272 0.226276833077142 0.333549773273927 0.0260573892456044 0.141644204114246 0.285780458663168 0.138974207733953 0.258727795974149 0.165641083258183 0.0811228709283543 0.0121143748497224 0.16960872139018 0.0693323299440132 0.16253888697168 0.261321710091803 0.139614182371971 0.43431842408997 0.147929232548893 0.175842397881527 0.176339193987951 0.13219776558963 0.168271214166102 0.114378933189088 0.0922295045362339 0.0527291334262107 0.10962389310923 0.259636091691635 0.0537560472515026 0.126722073940988 0.0457381307352955 0.478755108883707 -0.138461271232016 0.137812505612917 0.327148305477581 0.1297498854861 0.161061676268905 0.058766029327862 0.448372141039847 0.212202964373982 0.221048685863453 0.069227440883573 0.26758665372488 0.169631377789449 0.42175869874742 0.228127103964642 0.168266573611348 0.380600810345237 0.218903619380589 0.457407795887675 0.134655554950616 0.208847825366172 0.0887589499064121 0.53288808008554 0.0767707042487367 0.0625891520601681 -0.194344365002583 -0.0053825111705101 -0.063933261189494 0.423057308862536 0.0899544612559927 0.135969113451669 0.143025114902078 0.082986931316647 0.0409698005821102 0.123501166781954 0.150229559431857 0.143449681608199 0.140559959066588 0.233032028978172
"88" 0.460110604286688 0 0.642357670045845 0.558596910498369 0.654589882570882 0.152471513646856 0.702842925565881 0.807006916519306 0.873976825626255 0.388353904765334 0.708596700320076 0.646514555339326 0.493030221115665 0.809511868428283 0.239764858024559 0.574555782448518 0.516272627568167 0.664271781763318 0.553903791350726 0.33553753758957 0.679739630822216 0.51809473656926 0.686444324821573 0.64661110122474 0.46472064542502 0.407212787525988 0.380173439322255 0.497397246071687 0.536149870332921 0.493953710200734 0.593853553256704 0.404832155862366 0.269817708080964 0.832505706047298 0.581915766165033 0.353734608143684 0.735574073597038 0.612935814989451 0.759707228866516 0.490419848102004 0.450389964971918 0.612638486156288 0.349875411775498 0.518212304902861 0.650727828394152 0.0319667691158664 0.72864877960916 0.628090720998777 0.348695004177717 0.254405173811319 0.429404781868498 0.549614844030551 0.362849100122025 0.261224679316685 0.372072741452886 0.422437816805183 0.146892715153961 0.229297277172026 0.564248866451288 0.874434367900977 0.400629343491543 0.835723401516728 0.590903579276302 0.347826517237255 0.504291814146353 0.569658589728002 0.590731106620681 0.857264529113389 -0.00478923605752155 0.528033505415504 0.304484819307627 0.625208495590177 0.307872727418077 0.475067672665753 0.731652371765042 0.361657496007496 0.231755689185515 0.449251259331109 0.361180973758123 0.223010568308167 0.677693999199085 0.496149817339671 0.355960441784184 0.46654771304306 0.40064421517184 0.665318525160051 0.140194506161665 0.4520338351238 0.124546964282364 0.36484098034834 0.435527290581343 0.367927484738098 0.350095221013385 0.283740616188707 0.364965302670501 0.269144643852351 0.255048860330131 0.348260233220796 0.294515839452 0.0696515435418026 0.104637648212679 0.365091788321745 0.231834102263179 0.392928856263431 0.386263277422831 0.327622506970949 0.389065997903284 0.195055297909435 0.200687186383701 0.485757317486331 0.151475076490281 0.406560731609117 0.314058846771784 0.423590598977329 0.429526764130758 0.352867013104923 0.376499387931049 0.111724431540168 0.368131173863185 0.476040157458053 0.34007442486167 0.613137645400661 0.342333780134291 0.0621652837614693 0.0917997407430641 0.133469147116476 0.148747409711701 0.589195246928192 0.340962059278925 0.41256660024831 0.385012758862859 0.329731565054001 0.294640251433532 0.372460407165081 0.131415371743547 0.403522049987704 0.416875306567676 0.510687749401368
"104" 0.514788061015367 0.642357670045845 0 0.92125329300371 0.906710843811603 -0.0519269417678959 0.651948308424489 0.696235193911407 0.729825795206725 0.361015775733845 0.422382588264977 0.577801325311765 0.307142696576688 0.590961177713907 0.0154242594124229 0.912076079991081 0.89847695533389 0.60790673158053 0.235751285290354 0.0821644058843918 0.548031807780239 0.288485129945619 0.443463837062641 0.359650429260452 0.0918976759823002 0.533343205488536 0.0689222642239776 0.25073897185921 0.279885957133077 0.434084546338093 0.265585107671541 0.145561930539022 0.0425881501465682 0.444017247053702 0.306182144112579 0.0748813343493048 0.272007630346757 0.387449790869008 0.541160292986722 0.285682024632785 0.0989233370122256 0.429204650459166 0.0109733909163339 0.166371711339843 0.669615929028397 0.0687659190280315 0.336197455677498 0.252516476859197 0.088940744789861 0.00750506303269556 0.201113186153091 0.2033841679597 0.0749258764992153 0.0292492538386523 0.127088761087817 0.140272494291989 -0.091228192018051 0.833077294196906 0.186853226794337 0.44689660958503 0.0747549856389953 0.78734415079653 0.241271510461203 0.090586747502577 0.190842158421729 0.150330372611181 0.283248656226763 0.413051548002163 0.418591344390658 0.179702447646593 0.487114109786068 0.2418082050773 -0.0531280815425337 0.135647827365446 0.340588408590463 0.0882496558016296 -0.0890517157266839 0.111189851313102 0.0465049371772289 -0.0105784670825752 0.29243235086266 0.167775079030358 0.0912583194197671 0.129576872101545 0.0847434828244798 0.22481497344844 -0.157213728180092 0.261177753004374 0.00672081219930854 0.0943012708697061 0.116243671984853 0.13316249642777 0.06158595889593 0.0135584765407299 0.0463463631048888 0.576030203308159 0.0289422274361531 0.113218970756009 0.0248201262300831 0.523987671209023 -0.0718849464573226 0.101893429819273 0.0775847706480508 0.0924166170540057 0.102560484313344 -0.00376811111867323 0.0953606187472514 -0.0987625764443554 -0.111714772558447 0.173304520712286 0.587344665188665 0.165455985968756 0.696831070097634 0.363557289781272 0.123504596506582 0.667003152698052 0.315365941973935 -0.109236805707507 0.0754745015874928 0.0899039975866431 0.0663826347058703 0.570761749002817 0.0179989788946576 -0.163471064645946 -0.120035326016366 0.222581732365094 0.121825319990299 0.353165631813601 0.0703759979974012 0.05922168047623 0.126170573644955 0.0187159445712667 -0.00368917461705025 0.0820904730441042 -0.102989268031782 0.0796013289545131 0.0583667322119488 0.087366588575394
"125" 0.467985786900821 0.558596910498369 0.92125329300371 0 0.873098378619905 -0.0272116088267106 0.547068830471161 0.570088749653735 0.668769019820068 0.354655943789751 0.335052877070707 0.462898427651031 0.207694233719512 0.55101806272213 0.04645712988338 0.903029218021138 0.901861372565949 0.573265567419802 0.222806276700282 0.131869204541569 0.475962697683252 0.312730262175959 0.451283279113457 0.291544314671523 0.110083196798914 0.577177202544921 0.10913513984601 0.154304628773186 0.25518347131654 0.301522380856863 0.279719392127238 0.180128782524651 0.0801977894247452 0.40616443411649 0.333880975102711 0.118623655291461 0.265924303521115 0.294125243756551 0.537663304272173 0.192636676294477 0.118645223328713 0.462743100188441 0.0590440863419135 0.169050437088913 0.630067550940503 0.0691542728342952 0.33885254130154 0.247700622603677 0.106983941459619 0.0514304537442591 0.230816577398095 0.230614591577491 0.105799235225635 0.0362629527543397 0.105430317084996 0.170095924251807 -0.0711810287711986 0.838872481281796 0.190319262991406 0.362342116028238 0.117622177385302 0.752954025873658 0.269810309738933 0.134272225554659 0.214006582325062 0.122961675090144 0.312679745232406 0.368221148309444 0.436638797312424 0.199733467986538 0.494600198819106 0.237710172371338 -0.0653898946156558 0.147189956683977 0.332186427880883 0.119752569549351 -0.0762191819721856 0.132066578769748 0.0944528012360909 -0.0151613189714272 0.3090253972461 0.196723405412701 0.10778397326007 0.131627940844399 0.125155102382396 0.181518519940616 -0.117586973616153 0.286943946278728 0.0338346347960536 0.129544434060928 0.157145918268425 0.172258527876745 0.108479159659206 0.0589335442189256 0.0852359397416494 0.587652546215553 0.0552233016745489 0.154778014953714 0.0602094464247827 0.526404165560615 -0.0444171561571261 0.141128412467347 0.104456164454153 0.14210731078816 0.126135806039702 0.0438271172242633 0.0616308342721557 -0.0765513350475327 -0.0867731729709037 0.211372501847629 0.597170420518372 0.213088780656002 0.71679497069206 0.383406747448867 0.166021130150004 0.712858794707851 0.366652858612744 -0.065330015265697 0.10549310237091 0.113134658443613 0.112460829069209 0.538649242059638 0.0697795281212097 -0.113083454000664 -0.0793400782534981 0.259842023095013 0.161170702433872 0.352537205931863 0.121599952274945 0.101860463955995 0.173839306088229 0.060325346896428 0.0456492892786953 0.128314470547367 -0.0691810878992804 0.120836407528119 0.0997716734316687 0.109324605448863
"126" 0.430581518056372 0.654589882570882 0.906710843811603 0.873098378619905 0 0.0359193161317652 0.713331353327046 0.712796237307066 0.713950070138424 0.352203356165388 0.544029238900989 0.640554623226468 0.363920662086343 0.676775611280971 0.108705282215437 0.842212679628381 0.875847431437199 0.63079603620617 0.30534855431125 0.196938551413677 0.451820699909661 0.374942698897732 0.523716336219485 0.5057335669171 0.202770586752879 0.578699711028908 0.172531889874144 0.110939228446588 0.406010841212229 0.485539603270224 0.393946741470897 0.237834293592948 0.151317656969993 0.514636065376579 0.413848240266696 0.185903071546529 0.355605526645631 0.511652202334421 0.598813899252639 0.141965054076874 0.224868823062844 0.511704393508787 0.136864993084214 0.21363621605513 0.57825752274127 0.0136239025669578 0.443548071727154 0.282075982424072 0.14964425729661 0.112844990108356 0.284917454166767 0.322680795857284 0.2083011787269 0.0436875041180933 0.088337902378048 0.221540058200567 -0.0433007987352178 0.707363759886712 0.231757498558484 0.525912021948055 0.184459880552824 0.789967201144447 0.358828159554515 0.200902278639484 0.27783280319173 0.154288744526224 0.39010643514818 0.4580807401158 0.344486592202987 0.280568772988266 0.411669045680422 0.306297389238981 -0.0518790335573608 0.262155212872068 0.395655254787174 0.17321615361454 -0.049177208554178 0.210893746433206 0.172985965923578 -0.00644451729675486 0.402225518304244 0.28042409457637 0.15152525107399 0.170527474062227 0.1937869539599 0.222831640086422 -0.0768975831918586 0.372469487682357 0.0429870152702281 0.189874749069779 0.219892776131067 0.240802090922477 0.176065812644376 0.122663361217595 0.149536568761373 0.486054762166193 0.113275780936522 0.207025268615009 0.134657344377466 0.398576044795153 -0.0118892160656464 0.194688539943267 0.104679244514743 0.205942374123957 0.179968997670023 0.118664141757822 0.06570735190955 -0.0417016686278776 -0.0547992300705963 0.284519554775778 0.489829065449235 0.264802091183021 0.62694358282632 0.433839763521421 0.227856235788474 0.65041558314529 0.382473572524835 -0.0262537945181997 0.164002223525368 0.172212799135842 0.177487177863567 0.522297939934936 0.140187456217665 -0.0641913169907648 -0.0400694525229784 0.230466974036378 0.153112349917515 0.358171333931253 0.185476719621396 0.171675556194965 0.230006170287376 0.127645919290462 0.117471086881082 0.19013028264509 -0.0365871271490695 0.183389588027133 0.169408400104629 0.169364178014876
"208" 0.453761426079253 0.152471513646856 -0.0519269417678959 -0.0272116088267106 0.0359193161317652 0 0.0887544184073611 0.0331729590054065 0.12468588326796 -0.0601409325171982 0.227348563018082 0.0626360991797072 -0.0358714729460144 0.280958662395651 0.336727283629963 -0.0113944439069654 0.0505308786800644 0.253748090397379 0.361239309099577 0.452518701886244 0.019136625616889 0.436935469729384 0.319302381505885 0.281331746712187 0.449296152984009 0.317995152314352 0.445176071965206 -0.151227413351512 0.399714658289341 -0.0190707209023846 0.38452827569694 0.413728007514948 0.373705278759604 0.294932073618677 0.369955017046084 0.465288938425815 0.346422559102807 0.191334685858452 0.288811006949985 -0.155641993476502 0.472311839855681 0.342191452615117 0.487315031407629 0.355317032647854 0.0754764320835152 -0.0669636805399071 0.384359399744684 0.358208663664123 0.316594951304421 0.390356293070609 0.405906139088427 0.385774114565112 0.466280704430276 0.0204869368939389 0.264001564281025 0.409108679326691 0.0755281148531309 -0.177941775967752 0.373109804949826 0.24579390605228 0.466015324168769 0.166837872461693 0.396555506151978 0.440877958734716 0.439314440786507 0.269736886560217 0.37816228312957 0.263774703365375 -0.12587243077037 0.344877316851908 -0.140411831826283 0.414102889126081 0.00486627712830708 0.455854066836531 0.296616377565201 0.387560773327821 0.405870421275368 0.437665382747248 0.49077412313712 0.00495011337618766 0.389889671677763 0.361728844792603 0.316616078711325 0.317680484175586 0.463068203409903 0.262449524654927 0.456781004370679 0.441440935326705 0.310758017564397 0.41042774257836 0.477381544817235 0.433194757088902 0.463091555362415 0.420888580370694 0.432178174806857 -0.165975258460754 0.33391726887814 0.409723623822848 0.410393667601447 -0.0373001257534429 0.0893774669232963 0.420239892941821 0.398370243076149 0.486449739857171 0.371102443470697 0.47015924383512 0.269966019921995 0.430258670049411 0.436985872439164 0.369839550293379 -0.177401843367447 0.462149595794144 0.0317592708624451 0.341581680644326 0.471808778101241 0.183579936821801 0.381850909539845 0.780696056640168 0.394896494039098 0.432024912585581 0.454776075866383 0.141455467230053 0.469177698486993 0.472405760005477 0.124451132190523 -0.000546507430779089 0.0393421517771147 0.308413263299735 0.46575678947546 0.482106656914755 0.457574013730817 0.433642308828799 0.452489045108203 0.460651672271828 0.412384117267483 0.460058648358331 0.480157730401526 0.445436498457463
"253" 0.263162106246998 0.702842925565881 0.651948308424489 0.547068830471161 0.713331353327046 0.0887544184073611 0 0.935689159233554 0.606121212720036 0.216590126738062 0.88778703301884 0.96367339008232 0.697374087806276 0.724719710835119 0.124549445979491 0.461817564651733 0.546069585410115 0.574820661534535 0.343607286612911 0.139277362587971 0.338528256666776 0.303314216854915 0.438726616338437 0.85177712078305 0.249928647261932 0.301657746472016 0.135002794941032 0.0766406412755183 0.587186369936568 0.90444385338268 0.427516224855115 0.195690911853373 0.134080773775009 0.556913591981655 0.350436849675243 0.154793705176155 0.359984048909201 0.912068343303201 0.48377522486819 0.081277099406458 0.287783973972471 0.345450861969049 0.132596583162645 0.171151344715994 0.301813625813299 -0.111591161026265 0.440536079667657 0.206960395815666 0.11958022998086 0.104054729089031 0.216050205309735 0.309857191637828 0.263221750417689 -0.00669597158981135 0.000392621442193193 0.163296288145083 -0.0321415195035908 0.226475748002139 0.176082297455761 0.752701941137694 0.143036349619496 0.614211425276778 0.305658666240453 0.147952962985356 0.230932495697439 0.137897353208942 0.322950073417166 0.484884437866024 0.0445100262660486 0.269270235901882 0.0842231092981857 0.288291765739975 -0.0408796792831628 0.346882547489296 0.333920002438704 0.135906940833137 -0.0411505962310818 0.219999856993299 0.160104288348754 -0.0146657324917627 0.370767730540392 0.260835551263635 0.124684287668426 0.135836039338399 0.155747976822962 0.22247449495886 -0.0461352294894748 0.349680732849732 -0.011999515363367 0.158871624395055 0.165518303764418 0.206179456824849 0.143025682888298 0.10745279741411 0.132646814167464 0.1014943311284 0.118815773578452 0.146126090205133 0.14936148619968 0.0259423064972756 -0.0037145695449086 0.139270066913534 0.00174211827240624 0.152638711680268 0.151856613280202 0.117028322760589 0.0529210386415369 -0.0274318449871018 -0.0445553206212241 0.238693978883986 0.114177848920275 0.163843578795674 0.214590288854069 0.336491771188779 0.16438238970286 0.239899917539997 0.195452395065281 -0.0345567897337388 0.140789167475599 0.143430624871448 0.139375844918023 0.326762814628242 0.129365086470257 -0.0438751179836239 -0.0315197537897139 0.033457638536906 0.0124071227258223 0.195692633007246 0.13618539928304 0.139593388101517 0.154823663858623 0.117928148657164 0.112262722827753 0.14097749451735 -0.0376143776789257 0.141052178632408 0.138913095677253 0.142456621294259
"419" 0.423730804813726 0.807006916519306 0.696235193911407 0.570088749653735 0.712796237307066 0.0331729590054065 0.935689159233554 0 0.718405143403131 0.260070391047077 0.835400816148275 0.922722627141097 0.688873051328669 0.711985368639109 0.0724417527502882 0.508508353585144 0.51367193946145 0.589948878416588 0.362924484543038 0.0743529519376615 0.535208576951311 0.278052198239326 0.436476202590465 0.759371647712499 0.225297567853989 0.241715148542666 0.103302799351813 0.353988703792573 0.511753820689566 0.868756764755244 0.373933370122554 0.162027674429073 0.0767156787301142 0.60863943487609 0.313028682465127 0.101114325210584 0.410472247653958 0.830223487842545 0.508927119333027 0.351761934367098 0.23569126387551 0.322469753350887 0.0733802695932459 0.226940275604436 0.459794924966104 -0.0434783640646402 0.442029294362102 0.301639610842355 0.126668316673066 0.0421400298024331 0.190042116238288 0.274209971156997 0.176164336779271 0.0481163394680466 0.141545616590257 0.153406256770712 -0.0259540949484304 0.26125982374241 0.244185350711483 0.800841503816769 0.106680924540546 0.672301284953073 0.279966486509728 0.100450994919662 0.227089936380196 0.26634748230967 0.295783201769614 0.585982996198423 0.0402870058019071 0.255772697423573 0.161612985349171 0.337039128766188 0.0674960469875208 0.295009971072877 0.404513525077929 0.11548860981115 0.000955074435878638 0.199384619429251 0.0946029209986523 0.0526650597024949 0.366000142261127 0.227507052872148 0.13393808294325 0.196862624991644 0.117771176053487 0.376795521463134 -0.0645981459984174 0.280170829388258 -0.0217565675072975 0.124240096566774 0.13497861091451 0.143359277454858 0.0844776881387361 0.0501896975557256 0.0942212292665503 0.165473623949122 0.0756246050034268 0.102641476044918 0.0860809520588078 0.087234872307195 -0.0315598977394215 0.107072017199225 0.0243099800640409 0.0997932951024611 0.144285320491763 0.0579753549583571 0.187797380229791 -0.0170193374309235 -0.0275390997169101 0.201638242316403 0.148082325219109 0.120451783682469 0.236141407777712 0.287042516812021 0.132763914948926 0.212340575420349 0.145249674179386 -0.0787322581826249 0.120640268615007 0.159036459728031 0.0803217485980911 0.445818669251459 0.0733881032692728 -0.112185008393801 -0.0772375581398771 0.0125431106516406 -0.0103198631721639 0.284140625783434 0.0732010244480999 0.10759538818621 0.108420374944499 0.0751437875515832 0.0461247381323685 0.0951313727666895 -0.0572290438783798 0.110549905629891 0.110647008184765 0.173120770689552
"432" 0.50742749733618 0.873976825626255 0.729825795206725 0.668769019820068 0.713950070138424 0.12468588326796 0.606121212720036 0.718405143403131 0 0.420537462504989 0.580066877675745 0.534529934873356 0.370662904114766 0.766653031213703 0.216202320905524 0.703835270471217 0.632725292897394 0.669959397708572 0.511244296776579 0.326566059704343 0.69412151190488 0.515322611384565 0.68591837436908 0.512522085844309 0.415510776287984 0.491219073592534 0.366541181574664 0.480796820066678 0.453725996750502 0.353656457334904 0.552074864039302 0.393114709088839 0.252856604721937 0.778138508045417 0.576303114007781 0.338788151487149 0.690045037453272 0.465661210925342 0.767093698528987 0.484006255918243 0.401207993256064 0.640374384273589 0.323813691979749 0.49575462031913 0.72709735454397 0.0712931430866844 0.691275825596262 0.61286815266447 0.341746508011577 0.242312485734623 0.427762337539109 0.521030768131616 0.318280730439903 0.258524938799463 0.374046659151047 0.415743890117376 0.124905049692131 0.411567310711913 0.546078271341631 0.76082650558868 0.38120842918967 0.870578561260656 0.572537897936357 0.337906215660607 0.486459899598019 0.535435021326699 0.583048317358186 0.804229821548123 0.114905876284362 0.498352112554258 0.410205111862189 0.593778818758227 0.272841752293248 0.413238520632321 0.710456931491706 0.348529833088955 0.20509280636411 0.418046885878792 0.336928541332264 0.205309239897669 0.647317957785176 0.470617662194215 0.340054367169662 0.445772102825066 0.383974923883747 0.628115672642407 0.110644386291476 0.436579820157673 0.131493663056252 0.348986668344328 0.422170999915856 0.352527174964854 0.336541674347553 0.265828544690325 0.340013252522581 0.401302443438736 0.232495407927195 0.348765192704579 0.264849329522884 0.211587013733775 0.0887480223829498 0.358208979721386 0.247665990303289 0.383278910218765 0.367561598797869 0.298269831930065 0.365316228296186 0.166690671322407 0.171881085431217 0.47142309459404 0.291916300030967 0.413529098494571 0.461258823003515 0.444730045263889 0.419087099012519 0.491081609817279 0.423327943300526 0.0969190412135749 0.349312274870153 0.447103871334613 0.325189317472747 0.656746336703839 0.317660229460466 0.0396822212605461 0.0814159435529844 0.197190164181807 0.193847571124639 0.615991881066306 0.331257464905491 0.389286823703238 0.385412238351053 0.305759734159409 0.27226755114985 0.361290334943787 0.115533369382625 0.38974347304287 0.39272866836544 0.477527504348412
"502" 0.0969755436504185 0.388353904765334 0.361015775733845 0.354655943789751 0.352203356165388 -0.0601409325171982 0.216590126738062 0.260070391047077 0.420537462504989 0 0.207431729676688 0.166695259039031 0.251589996334657 0.368915114379431 0.0898098454621791 0.386424308065863 0.358522112918204 0.253367053420548 0.184551849449166 0.149093611524201 0.255412523454766 0.214466918538736 0.370696536852092 0.193008075307403 0.156056046989023 0.244554066922173 0.156784777787738 0.153616729385835 0.138957944553089 0.0512418656942141 0.301059256911575 0.165572023190486 0.109533714139339 0.37588355680017 0.329649694978833 0.147668903803114 0.355724994838478 0.143585892396907 0.407441227316867 0.161126009873549 0.148518431974763 0.37667358927989 0.138611918406576 0.195238745742894 0.304212528098633 0.213531574413873 0.366116332874747 0.240984765515526 0.13693139519991 0.105160448344756 0.182765469305414 0.298076460982938 0.124106266597792 0.445734598683836 0.0359150734425419 0.175731332609584 0.356158710825473 0.254949792046914 0.215611671489425 0.316086643916262 0.163617834019558 0.442843887836772 0.329492021522919 0.150516921465631 0.199097301667258 0.196203704224905 0.334816258888204 0.383306343681498 0.204350892061453 0.279789152122938 0.529610167379684 0.22635000785138 0.41294648390928 0.148507162549512 0.370472368691932 0.147974087215625 -0.0340117259228755 0.163512189945045 0.145698810989493 0.32172945664468 0.355450197206027 0.27318064869103 0.138151677308858 0.174348339367012 0.164673499902234 0.220721958215515 -0.062605676022499 0.178829967019521 -0.0184061697584404 0.148907210223805 0.181432192561544 0.152526015716212 0.14774461939621 0.117802430455399 0.143204694002723 0.499000105299306 0.0971408182778737 0.153707728353041 0.110894918516617 0.248243029727187 0.291139283050582 0.157002571093821 -0.00441499103941515 0.169986743045863 0.151261451053101 0.129094163539389 0.0210154847963525 -0.0444682139960665 -0.0448674735798621 0.281379803720221 0.309564336845569 0.18817198203488 0.244981858359077 0.189931343679309 0.182256769431378 0.264950135191675 0.206238348159385 -0.0568977919021365 0.145614995148941 0.18120078417407 0.144859335859668 0.269223911583349 0.137304131808247 -0.0741237470217612 0.331120574410539 0.395311676811661 0.422353057280113 0.257101503130715 0.150142566022572 0.165950800365428 0.17274913895509 0.130762418912733 0.11967623595146 0.159905027140889 -0.0484619613662042 0.166310362124774 0.166584952790676 0.191101890061327
"549" 0.146137572723089 0.708596700320076 0.422382588264977 0.335052877070707 0.544029238900989 0.227348563018082 0.88778703301884 0.835400816148275 0.580066877675745 0.207431729676688 0 0.87667151633453 0.67983146917122 0.78543076087609 0.278038765770154 0.270657670602381 0.370170712341261 0.542851841953942 0.471518962153894 0.332970926926225 0.267224306198445 0.439910149064777 0.555392930886514 0.93918580936194 0.448088910301789 0.298751952987976 0.330610617794486 0.00801380570878496 0.70265981346524 0.799604211600943 0.610945688141916 0.356580686500784 0.297224002373961 0.681470989974616 0.517830231896442 0.348242015572216 0.556256275094583 0.939479933449641 0.57049459276261 -0.00170135847366881 0.489335072751787 0.470933584595383 0.360324648976254 0.321770036976778 0.200864542753082 -0.148834506264193 0.627262215427003 0.345161038912533 0.258213245640366 0.281990916881821 0.361038131755597 0.511902336300056 0.458238781700476 0.0965540688034279 0.0510864006581633 0.328321328714763 0.100006824677017 -0.0677424866095496 0.332097252968727 0.848250781966639 0.349334438192185 0.577881475126427 0.511359209645326 0.332479440420734 0.402111713132756 0.26958059307923 0.503442363605934 0.612916606584137 -0.137462390034047 0.456778027153791 -0.0198895678545062 0.448002838248531 0.0854380766632981 0.533433115174122 0.485490402535514 0.30322733563541 0.112919438847621 0.409569966722155 0.378074384921337 0.0708868253600468 0.566617101901973 0.454359034140206 0.263392075716365 0.278292242968285 0.355347549587094 0.336485435251131 0.137672977521308 0.484589024030749 0.0739761593725778 0.330181268297688 0.367596563876033 0.37528230358625 0.345602095462581 0.299387757049423 0.326887205229123 -0.0534613702423535 0.270418338673024 0.310635248368249 0.335614398390066 -0.2069899091844 0.117067917754853 0.313445427345158 0.0944424312521945 0.354978012149167 0.312444560744974 0.340425521691849 0.116043812019874 0.134552391936789 0.123613835016223 0.433577076935929 -0.0947073668207308 0.34208953396302 0.0444390843336523 0.398391530918411 0.36089978325586 0.140699959595705 0.285764877509466 0.128347476849429 0.315612118441577 0.344289951889812 0.335630201225678 0.275031083043024 0.345756017908845 0.139500086567814 0.125437994144863 0.0354258681935345 0.0719330616854785 0.279265411696682 0.336428621495032 0.358773039167456 0.339789166554464 0.323346850669351 0.32474833804991 0.339650654613435 0.114949936110782 0.343368024653086 0.358279725336669 0.35235816792135
"551" 0.223928985666602 0.646514555339326 0.577801325311765 0.462898427651031 0.640554623226468 0.0626360991797072 0.96367339008232 0.922722627141097 0.534529934873356 0.166695259039031 0.87667151633453 0 0.715694040210206 0.656141288314153 0.0897726143767641 0.367891471004666 0.451301324105476 0.590643530016861 0.295715363900631 0.0711670864093167 0.296632834121662 0.228450415020324 0.35444442107837 0.834354949393957 0.19622892810102 0.204434411216149 0.0705325563614064 0.0811636861867107 0.550962789276764 0.941422705210129 0.357129778045522 0.133002937004583 0.0852307489015276 0.491380046800247 0.266329207384023 0.0923770391327678 0.287883591710067 0.915691471983202 0.393624019832625 0.0814879998566083 0.235245085905156 0.247420761234794 0.0710996785215732 0.114680113858898 0.230954656311712 -0.122225617515831 0.361855723835684 0.141886203312253 0.073098610777418 0.0524879333971272 0.149344915006228 0.23616235003197 0.209741098621749 -0.0367185025510459 -0.027322583509648 0.0988725291103573 -0.0533252466198051 0.151027512693991 0.114379527377655 0.719380138694243 0.0786136216983006 0.522878506363049 0.22345766258852 0.0849918420526546 0.164171708955332 0.0936324452919643 0.237395345556754 0.422701241133692 0.0056088381078091 0.20295702995149 0.0207790559851231 0.225507931352874 -0.0575754212485766 0.295141523505708 0.25765985078817 0.0797701143132965 -0.0660064713657321 0.162860954702453 0.0958954157247979 -0.0313921880234804 0.288844417856556 0.192069353532016 0.0785268539608327 0.0869958491545044 0.0867456464649992 0.18194851765941 -0.0743669890964259 0.282213181902323 -0.0427836744714419 0.0981281248216391 0.0939950474375856 0.142593314168448 0.0780607589659461 0.053487957881608 0.0707342757264596 0.0328799108477293 0.0772835024043621 0.0834499783333218 0.0997089428416827 -0.01692299287853 -0.0266150934150231 0.0791689969092041 -0.0411088192691058 0.0789661916708355 0.0986665266439103 0.0576389778714615 0.0338219527487428 -0.0542525836132531 -0.0717864895690914 0.164165623958184 0.0569248691025052 0.0875585028713783 0.130932361130074 0.269171960006657 0.093131112000393 0.138469376870309 0.10976111208051 -0.0679290898248765 0.0860465479608319 0.0841238556260437 0.0760518805538641 0.262336542082717 0.0673405875982667 -0.0737672986297392 -0.0594799506267317 -0.0176366918286429 -0.0327899856432448 0.12168185108566 0.0695898933643902 0.0735380012734145 0.0837354402342439 0.0623014465310802 0.0558250410384559 0.0741477899663049 -0.0658849823624371 0.0750318870534772 0.0733296400391589 0.0805046203104661
"701" 0.0384470073192156 0.493030221115665 0.307142696576688 0.207694233719512 0.363920662086343 -0.0358714729460144 0.697374087806276 0.688873051328669 0.370662904114766 0.251589996334657 0.67983146917122 0.715694040210206 0 0.466625149556174 0.0351691705244391 0.136878148727232 0.181831873949376 0.28147813238759 0.190330660731147 -0.0042505498970615 0.194197345962681 0.0953878851844283 0.237652203282414 0.642684090514563 0.120121660078713 -0.00143840723578433 0.0112562692505697 0.120913786472092 0.368864685565167 0.723923741139746 0.26343879479119 0.0462821538953773 0.0246488437017098 0.38538657960783 0.179584745435488 0.0199835389041116 0.247899270352938 0.706865132874459 0.261832135068283 0.109175067428043 0.139891077683373 0.137951373644422 0.0147221510090557 0.0633132424772741 0.0822548661120185 0.143257118279418 0.276587299609475 0.0790533561448086 0.0292605560339821 0.00261428153549053 0.0495213599263574 0.177913606786304 0.112390403099089 0.223340590665278 -0.0840267115664549 0.0275233277364056 0.152252258374288 -0.0584816499786697 0.0605871880149118 0.583407417992634 0.012791071292021 0.326231814909831 0.164034409534555 0.00851215796920681 0.0717075354693174 0.0829452127868495 0.164347371981348 0.351924074187214 -0.0322955443455752 0.161631296963667 0.133812422874398 0.135663141559759 0.227101212883092 0.184086061662115 0.210058075502797 0.0212208904324194 -0.105827888347143 0.0872236497451577 0.0244403861112953 0.245233025626444 0.219673878324239 0.146281704876572 0.0343527542175373 0.0513623244021555 0.0192957400215976 0.149777621809985 -0.119806718095679 0.132744405577546 -0.110407147432274 0.0289172479577345 0.018844638446608 0.0466916941513526 0.00908917315597074 0.00198399516801476 0.0165722836326954 0.0911591378659617 0.0297733139480829 0.00667911207458836 0.0393429886103481 -0.0338175724662886 0.183245650096278 0.00866932565319905 -0.142191498311169 0.00233902902363849 0.0396626320098116 0.00764645905706708 -0.0201313821949227 -0.105516751815787 -0.117414077808399 0.118670919011738 0.00150874996749989 -0.00544791388258581 -0.0674741167983033 0.106022279141512 0.0148271446672484 -0.0784279839328016 -0.0246931866360203 -0.135570852798509 0.0301346997541239 0.0351954144246278 0.00612990741421217 0.116678944398145 0.0115158622408053 -0.133530613882062 0.148191959516787 0.0980313477573827 0.133611068839451 0.0327779133842732 -0.00327426136787471 0.0144370344917869 0.000642864713941851 0.0127936857563854 0.00391657848192313 0.00303959062308873 -0.120189013795296 0.0120707536092258 0.015912108933388 0.0394075993704061
"702" 0.287130325868364 0.809511868428283 0.590961177713907 0.55101806272213 0.676775611280971 0.280958662395651 0.724719710835119 0.711985368639109 0.766653031213703 0.368915114379431 0.78543076087609 0.656141288314153 0.466625149556174 0 0.38611504021415 0.553212560628128 0.609610290220761 0.672763810006155 0.591264147020299 0.524429986703025 0.40779084256965 0.647735074842957 0.785911176984471 0.792768162373719 0.585297562795101 0.577550790080477 0.524170166330894 0.0801730684233796 0.68741376890908 0.465423309092353 0.76527782041025 0.537633692058633 0.431462299083045 0.835712917939578 0.742530311332976 0.528594470416353 0.762409275753836 0.709843405906237 0.81831286629621 0.0840719323148176 0.611864949048519 0.760597939014787 0.537963977369153 0.519115206389247 0.468378218444915 -0.0597158847663813 0.833943003266761 0.578526085882481 0.409561279244438 0.423310775497079 0.557782960415115 0.708891774585928 0.569749544087255 0.238063876382954 0.210121085962959 0.52908328812499 0.186110465494226 0.191286431970602 0.550094945740936 0.840030013682203 0.551497921038788 0.819937564167686 0.744449857673175 0.520855410655519 0.605104501900251 0.445453061803235 0.74227223867529 0.789532368191771 0.00314986115413392 0.644019767698021 0.234621795072479 0.643125177691711 0.196102256874382 0.626583232973491 0.725844958120116 0.476895561833689 0.230196915095344 0.569806120242572 0.558723848449074 0.160480335601795 0.795619604364201 0.645434482732312 0.413289349748883 0.454844516543621 0.552146886727184 0.504715791219492 0.2339155557622 0.637397432043243 0.184959915318198 0.503214011881034 0.582800695941949 0.544492048737801 0.53353554097331 0.460679236744435 0.50160471021046 0.213862795892792 0.38409474826182 0.500752616782998 0.465570426381169 -0.0219939384344482 0.191432983366087 0.505499272198622 0.264889102095962 0.570610741491464 0.47619769609664 0.509731057043303 0.226310469302791 0.237835962990237 0.237125161533965 0.64868919667026 0.116117906396557 0.577526031186769 0.328259060565607 0.566847794459774 0.581721533947468 0.46631014484677 0.541695445667775 0.240545169661605 0.482953256579981 0.546174776774329 0.520709684812591 0.496170557473501 0.52188155571672 0.230833718946461 0.217099911653821 0.214159304194823 0.240722778775216 0.54892870096605 0.534397224541399 0.564823024504859 0.555981053311953 0.486338786082741 0.485199727367106 0.54053609375655 0.219784554404537 0.546945568976004 0.563900684852975 0.565186210764898
"838" 0.0359377175242719 0.239764858024559 0.0154242594124229 0.04645712988338 0.108705282215437 0.336727283629963 0.124549445979491 0.0724417527502882 0.216202320905524 0.0898098454621791 0.278038765770154 0.0897726143767641 0.0351691705244391 0.38611504021415 0 0.0735163514412865 0.135825954091868 0.390143298357871 0.482047177303729 0.582357468755829 0.102966137217531 0.582095820502949 0.433262833145037 0.336701252916763 0.577700593760078 0.456966648817763 0.573612211238666 -0.130941945137015 0.504976467886456 -0.0343084293414106 0.489204210230777 0.540993136973276 0.475706708211869 0.399792855696402 0.482505187173263 0.577574799846443 0.456945216475396 0.224519989360539 0.406720492922225 -0.132944850341893 0.600709605546115 0.464151015145805 0.617835550858089 0.481288442656398 0.188689257660701 -0.0615027003949095 0.50051250524638 0.499512332769952 0.41728540237711 0.494294543588413 0.537539732848588 0.492533507289192 0.585333065622827 0.268739306921586 0.161420537062004 0.536914232332354 0.264347642321923 -0.135094122885043 0.517873339786208 0.323439136105145 0.613591372764016 0.277035771897527 0.511443342926034 0.568803836314812 0.581569075188845 0.380017801540817 0.493110776344749 0.372069035076294 -0.112310638969668 0.442890989284713 0.0972459144715034 0.559033128011677 0.224533979916192 0.581656185836169 0.40717066779763 0.504758587315651 0.303073364591606 0.567316857496233 0.623309145771035 0.176125821437745 0.50770663910853 0.46103987792183 0.417586792787665 0.430263054301274 0.596875851864737 0.375463053205379 0.359142501343156 0.573438725209727 0.237667030058416 0.531878861789559 0.618587713492462 0.559682312874013 0.593938122936229 0.528966950430026 0.55573195831285 0.0479181755211995 0.424549020232499 0.533269248067676 0.518929496159754 -0.188208896310072 0.267449019778823 0.540980340059401 0.292626774048455 0.627215891998573 0.286342662794506 0.595142418174024 0.173129846955385 0.325085404864731 0.332995773403701 0.473066024428793 -0.0666071928135736 0.606803930274768 -0.00865466862446933 0.250166437547629 0.614785883387751 0.307699363849806 0.516100956338869 0.3592174442189 0.51235204862309 0.567537632573562 0.580686007910157 0.253828326001184 0.59744725620432 0.379216813380292 0.333381609061597 0.205873163625046 0.271562102422279 0.447716448377341 0.598221377913589 0.62116108173802 0.59606967543663 0.553393129386382 0.5696208072862 0.595244930795282 0.322608368932466 0.595456639082972 0.619048442681311 0.585212011369017
