"3410" "3538" "4464" "5779" "7369" "8708" "16099" "28608" "50138" "50396" "51992" "54888" "56046" "56710" "57556" "58005" "59165" "59424" "64025" "66396" "67335"
"3410" 0 0.863735678859099 0.457014566391654 0.316203975792778 0.0465793017048562 -0.198716464339264 0.850400456179553 0.198449597849902 0.809345815616051 0.884776424403351 0.416738452048134 0.87779343996323 0.592827052342289 -0.180924220360028 0.928940570395821 0.644126119477195 0.944954819559922 0.359312845839354 0.931356820909184 0.933041799330287 0.764562382683331
"3538" 0.863735678859099 0 0.415260689915766 0.450364432965004 0.235218612683764 -0.0280546063403325 0.88756301386404 0.521230240367666 0.850578866952298 0.886981370155545 0.595822683992182 0.823901496324296 0.704974589627692 0.163558474232271 0.831081129407211 0.506358399720666 0.87273251814239 0.467223323349787 0.922490742174442 0.843132355276025 0.831998941943807
"4464" 0.457014566391654 0.415260689915766 0 0.482892144336851 0.459603913802099 0.0177141204404181 0.37501233135677 0.107136584749364 0.355189245626273 0.466734608706057 0.124960944436384 0.414762623376868 0.606989947212516 -0.116652746822295 0.462587375836293 0.465648543602837 0.466101866404633 0.0644462401132857 0.43867734336115 0.462914187067687 0.425025045430522
"5779" 0.316203975792778 0.450364432965004 0.482892144336851 0 0.412631116238831 0.622064632653261 0.330832553525865 0.551163723092272 0.41246988747029 0.499669563394838 0.210159261342333 0.298078090942323 0.783902911345672 0.291626939365292 0.311831512029298 0.109716715034176 0.34839338490151 0.00523706053351099 0.365092316712137 0.32231004959818 0.573920002182268
"7369" 0.0465793017048562 0.235218612683764 0.459603913802099 0.412631116238831 0 0.0354168352240983 0.0528088775070688 0.600366564337221 -0.0155812522373883 0.331120322185276 0.0325641829409937 0.0266011157195706 0.393788706843288 0.393733541446917 0.0689590526994965 0.104193376738726 0.0978686402523583 -0.234839893119932 0.105945307941076 0.0754752183973894 0.491029539308381
"8708" -0.198716464339264 -0.0280546063403325 0.0177141204404181 0.622064632653261 0.0354168352240983 0 0.0170421458793919 0.351680759449181 0.225691646554495 -0.163162892194823 0.286658961311076 -0.131279615708902 0.202826587828365 0.469633105589272 -0.253547621282173 -0.326425351975905 -0.20729567935205 0.272086644037196 -0.102960251920464 -0.235386368291799 -0.109547015237539
"16099" 0.850400456179553 0.88756301386404 0.37501233135677 0.330832553525865 0.0528088775070688 0.0170421458793919 0 0.43247770072126 0.922389538172617 0.780392220654623 0.709853900344239 0.832541294922361 0.613498760438231 0.164106853623131 0.793152091837715 0.476807905706155 0.84193855490877 0.665991745639299 0.922869124722816 0.813062397497301 0.681952300393611
"28608" 0.198449597849902 0.521230240367666 0.107136584749364 0.551163723092272 0.600366564337221 0.351680759449181 0.43247770072126 0 0.418381461944571 0.429805730522358 0.587890790316192 0.230137024476679 0.589800773756541 0.817831484470522 0.151369655772278 -0.0678588633224213 0.232088690434557 0.337012400442838 0.372043442922766 0.18048590419988 0.574792346722426
"50138" 0.809345815616051 0.850578866952298 0.355189245626273 0.41246988747029 -0.0155812522373883 0.225691646554495 0.922389538172617 0.418381461944571 0 0.712744436061652 0.744503285350794 0.804052495155467 0.589707738809076 0.190982552928193 0.740153162152494 0.420113727183041 0.793617441236309 0.727638639611874 0.88752616947985 0.760713443491037 0.604533181242833
"50396" 0.884776424403351 0.886981370155545 0.466734608706057 0.499669563394838 0.331120322185276 -0.163162892194823 0.780392220654623 0.429805730522358 0.712744436061652 0 0.349192551358836 0.810419530896939 0.721982736143936 -0.0261639074368645 0.889704919200411 0.592278807741104 0.912740411838971 0.168374547313762 0.890695415749713 0.894325773076586 0.933028618760369
"51992" 0.416738452048134 0.595822683992182 0.124960944436384 0.210159261342333 0.0325641829409937 0.286658961311076 0.709853900344239 0.587890790316192 0.744503285350794 0.349192551358836 0 0.471196100445031 0.411803457761566 0.571149060453056 0.3214554638251 0.0806681785783417 0.396681158056485 0.852638373390958 0.577830901494669 0.352253300297771 0.314235326281049
"54888" 0.87779343996323 0.823901496324296 0.414762623376868 0.298078090942323 0.0266011157195706 -0.131279615708902 0.832541294922361 0.230137024476679 0.804052495155467 0.810419530896939 0.471196100445031 0 0.561409988371278 -0.0991627477921872 0.855086192772351 0.574210147253796 0.876946633278106 0.42925862061288 0.885731805442278 0.861953771726317 0.696425472183942
"56046" 0.592827052342289 0.704974589627692 0.606989947212516 0.783902911345672 0.393788706843288 0.202826587828365 0.613498760438231 0.589800773756541 0.589707738809076 0.721982736143936 0.411803457761566 0.561409988371278 0 0.268082906395844 0.577375608669774 0.319191625675349 0.619555648658649 0.220150702045133 0.656145666795712 0.590846735813146 0.747928809161916
"56710" -0.180924220360028 0.163558474232271 -0.116652746822295 0.291626939365292 0.393733541446917 0.469633105589272 0.164106853623131 0.817831484470522 0.190982552928193 -0.0261639074368645 0.571149060453056 -0.0991627477921872 0.268082906395844 0 -0.249750679738304 -0.355482488066262 -0.169334260459107 0.431496411096385 0.0167691976962694 -0.218650286507358 0.119301916144749
"57556" 0.928940570395821 0.831081129407211 0.462587375836293 0.311831512029298 0.0689590526994965 -0.253547621282173 0.793152091837715 0.151369655772278 0.740153162152494 0.889704919200411 0.3214554638251 0.855086192772351 0.577375608669774 -0.249750679738304 0 0.660893481525074 0.93787492316918 0.252405291674348 0.89988343323093 0.930358207044772 0.775432932974487
"58005" 0.644126119477195 0.506358399720666 0.465648543602837 0.109716715034176 0.104193376738726 -0.326425351975905 0.476807905706155 -0.0678588633224213 0.420113727183041 0.592278807741104 0.0806681785783417 0.574210147253796 0.319191625675349 -0.355482488066262 0.660893481525074 0 0.647081860438779 0.057040962614915 0.582202175989958 0.653497529325306 0.491362716337078
"59165" 0.944954819559922 0.87273251814239 0.466101866404633 0.34839338490151 0.0978686402523583 -0.20729567935205 0.84193855490877 0.232088690434557 0.793617441236309 0.912740411838971 0.396681158056485 0.876946633278106 0.619555648658649 -0.169334260459107 0.93787492316918 0.647081860438779 0 0.316390650558722 0.932923505638728 0.939367180265335 0.805247796944794
"59424" 0.359312845839354 0.467223323349787 0.0644462401132857 0.00523706053351099 -0.234839893119932 0.272086644037196 0.665991745639299 0.337012400442838 0.727638639611874 0.168374547313762 0.852638373390958 0.42925862061288 0.220150702045133 0.431496411096385 0.252405291674348 0.057040962614915 0.316390650558722 0 0.500640354904085 0.280235720391044 0.0686342342839323
"64025" 0.931356820909184 0.922490742174442 0.43867734336115 0.365092316712137 0.105945307941076 -0.102960251920464 0.922869124722816 0.372043442922766 0.88752616947985 0.890695415749713 0.577830901494669 0.885731805442278 0.656145666795712 0.0167691976962694 0.89988343323093 0.582202175989958 0.932923505638728 0.500640354904085 0 0.909913109010407 0.791344429261471
"66396" 0.933041799330287 0.843132355276025 0.462914187067687 0.32231004959818 0.0754752183973894 -0.235386368291799 0.813062397497301 0.18048590419988 0.760713443491037 0.894325773076586 0.352253300297771 0.861953771726317 0.590846735813146 -0.218650286507358 0.930358207044772 0.653497529325306 0.939367180265335 0.280235720391044 0.909913109010407 0 0.782562133616784
"67335" 0.764562382683331 0.831998941943807 0.425025045430522 0.573920002182268 0.491029539308381 -0.109547015237539 0.681952300393611 0.574792346722426 0.604533181242833 0.933028618760369 0.314235326281049 0.696425472183942 0.747928809161916 0.119301916144749 0.775432932974487 0.491362716337078 0.805247796944794 0.0686342342839323 0.791344429261471 0.782562133616784 0
