"1591" "6421" "6641" "9999" "11263" "21115" "23351" "25686" "30576" "47479" "49750" "49802" "51367" "52165" "55102" "55946" "57106" "57978" "59233" "60223" "61084" "62303" "62306" "63599" "64565" "66667" "66672" "66840" "66845" "66848" "66850" "66861" "66987" "67132" "67233" "67252" "67339" "67352" "67359" "67380" "67483" "67511" "67569" "67632" "67676" "68789" "69168" "69267" "69464" "69755"
"1591" 0 -0.00628681746950013 -0.0339321913846194 0.408787637875814 0.00706747275538866 -0.03974953848577 0.136358567407589 -0.220556296072288 -0.00643816969504506 0.0527226272481481 0.69497077005919 0.696192623344177 0.74942008751949 0.467361165007032 0.0969948328302237 0.770604530813342 0.388023613942011 0.104387249112949 0.363229920117607 0.828192787056736 0.752670487090404 -0.010988174810401 0.0246190427051737 0.77464447105908 0.545884422812936 0.830865988629111 0.829804362411137 0.603907324335986 0.797394970652935 0.767331951347735 0.736907968724521 0.601707872994047 0.753148320394463 0.148238030665178 0.00508641187293743 0.730071867710749 0.809560648901215 0.81861462383829 0.845605258567667 0.754302670213611 0.828330675679407 0.80026468607573 0.830801968559231 0.734864368892261 0.811153326970443 0.773215376639019 0.77066237700614 0.675528997601371 0.776074262663515 0.613907218584709
"6421" -0.00628681746950013 0 -0.0990032137480779 0.0835289584452604 0.622436148812401 0.400046921575257 0.54075689388174 0.068679565642804 0.699333945261528 0.926282216131451 0.349613622576162 0.195117675758022 -0.0184576334760713 0.451552929932037 0.389141871248634 0.00134829028011691 0.600933168147389 0.774804188925448 0.246613702342219 -0.0972005230708573 -0.0780268075080241 0.177222468540907 0.187903323927731 0.247618162564698 0.184024481061598 -0.019969187582798 -0.0351885063763826 0.0703889970185103 0.0950511986225398 0.0419002098313166 0.0845139379016048 -0.045772377773454 -0.0531041263457665 0.22810794799038 0.544259767916189 -0.0516546858917793 0.0266926156173874 -0.0484309833749167 -0.0841168819346012 -0.0192390511456709 -0.114411897243839 0.154099867387972 -0.106427093832209 -0.0287019597680728 -0.126785151160166 -0.0311133541176262 0.0332118967642794 0.123770293999199 0.0730356764969885 -0.0885859727081419
"6641" -0.0339321913846194 -0.0990032137480779 0 -0.0301155267729501 0.238210453934605 0.00055831558787154 0.415132889255432 0.887558474892786 -0.0985177736882269 -0.0946205495800929 -0.0843856133651961 0.208773350884715 0.120320018971633 -0.101145431660249 0.441084627461178 0.22545586860565 -0.125660310381653 -0.0784770404791589 0.090558987855674 0.10243277987867 -0.0114360840930684 0.874142524113732 0.854128755582699 0.0731649373825808 0.436558362694203 0.0594968257436917 -0.052751992379191 0.0270595267622431 0.00107892203304795 0.0995261345632618 0.0937487224107484 0.00693111756283776 -0.037989814142702 0.639729821412716 0.33952635680059 -0.0399403518775085 -0.0187550323382845 -0.0458212378693422 -0.0437502501199283 -0.00677960022163201 0.0544151327280826 -0.0390748998388248 -0.030964048884877 -0.0180655068546478 0.0408933107000758 0.233414149482268 -0.044840816844462 0.162469080309504 0.068031934025448 1.480277718849e-05
"9999" 0.408787637875814 0.0835289584452604 -0.0301155267729501 0 0.116873559399205 0.0772171564001683 0.158576792043486 -0.10311936724518 0.090516223467006 0.103779623989011 0.415133989612615 0.413177835690324 0.387149183353529 0.258068337412835 0.0736798692482852 0.413712734558559 0.28775270367982 0.112203660256304 0.189559372314913 0.428498792903932 0.389280723795925 -0.00216541233262072 0.0156746085319982 0.451165013769179 0.327444221744326 0.439212160467496 0.436092634426281 0.3311900585614 0.436764984891621 0.414256719197428 0.403791131728331 0.314072451542063 0.392985487303524 0.0918887597150811 0.0800722398678972 0.380694091206967 0.429079453526296 0.427855721199936 0.436206802011701 0.384738178956405 0.423424281519905 0.446526538127517 0.426692302244883 0.384620375476864 0.409940555460538 0.409014020158019 0.411443514774409 0.379556551355442 0.425232584521994 0.309853937858524
"11263" 0.00706747275538866 0.622436148812401 0.238210453934605 0.116873559399205 0 0.658391030293617 0.876676007389078 0.443708114911937 0.7483554718763 0.561717013822426 0.382099396449763 0.426350767016584 0.074312383594843 0.0455113641678773 0.35951990345566 0.153443389611212 0.640960603700286 0.426391127199981 -0.0075208593872948 -0.0265205258644362 -0.0658402480283522 0.334363330891958 0.313958976281201 0.373705517310516 0.494709598409661 0.0407823392721684 -0.0338482355497296 0.128678195236593 0.138073193723469 0.127900766738734 0.169406149243076 -0.0237631277138423 -0.0486766227751393 0.347075252444875 0.794031253163056 -0.0512722122547084 0.0539238142417874 -0.0481559853861663 -0.0845844245621659 -0.00830257620862994 -0.0693397248746436 0.187065649767224 -0.106264703067249 -0.0311851343898232 -0.0938377968462926 0.1114001536903 0.0478327891222812 0.262270542367179 0.161114290602091 -0.07748215438735
"21115" -0.03974953848577 0.400046921575257 0.00055831558787154 0.0772171564001683 0.658391030293617 0 0.29599396952578 0.0668567873005568 0.178630821683455 0.287449140834852 0.0515663465732634 0.283433953326449 -0.0335614187385144 -0.0714938958368028 0.00480767040949303 0.00319111162098467 0.152147797186217 0.118984794270853 -0.0615559367142726 -0.0493375810936496 -0.0550704187441074 0.0744812016519608 0.0708106680771411 0.123246951769477 0.177295170880742 -0.035359212400329 -0.0414789786672077 -0.00123535656541852 -0.0106641068021525 -0.0249736969508229 -0.0135411475907578 -0.0301176973802759 -0.0433524567512444 -0.00610790370495277 0.150640867730303 -0.0461550862816635 -0.0237390286437257 -0.054314621473765 -0.0560764617719054 -0.0456745139643108 -0.0604287806720429 0.0203158681998555 -0.0677403072025414 -0.0386655118668405 -0.0679508827957475 -0.0357748932626571 -0.018886557994624 0.0433118279337878 0.0240010546602203 -0.0479955137837623
"23351" 0.136358567407589 0.54075689388174 0.415132889255432 0.158576792043486 0.876676007389078 0.29599396952578 0 0.595556610128112 0.78616934538433 0.53494300826071 0.519179669297879 0.510349060969996 0.230922938609492 0.124653758641512 0.495899256327218 0.337883098351135 0.728423394975397 0.468089752070068 0.0777040735619974 0.136332188730276 0.0612757660566689 0.501400043270515 0.480335346797926 0.517242059453237 0.659719044399622 0.202761767966689 0.0980565611637016 0.240076951380779 0.291734142614454 0.298003226955399 0.339318626710781 0.0817836583053854 0.070411623934458 0.504014430813612 0.932021732961605 0.0663811872794643 0.19225751184099 0.0862935265320758 0.0484170826732918 0.123641659548689 0.0817326794165124 0.329890051589 0.0296454725400023 0.091744978865839 0.0483864507033717 0.309225094082273 0.174020625387026 0.42022269029485 0.308316715459962 0.0238701947249834
"25686" -0.220556296072288 0.068679565642804 0.887558474892786 -0.10311936724518 0.443708114911937 0.0668567873005568 0.595556610128112 0 0.165671984290802 0.0558669563609762 -0.120384463011662 0.10888995377744 -0.0543485615467255 -0.20506860020673 0.466437790160504 0.0485415306678188 0.00531626107471913 0.0393786109615382 -0.0362206514348362 -0.124286564495099 -0.220166856509944 0.825407857619121 0.789036075588761 -0.0218820592998364 0.385437488688927 -0.141449793615759 -0.265902779828856 -0.0884038929239717 -0.154086547852016 -0.0611933224101879 -0.0465882371188989 -0.153540131549129 -0.239035361739748 0.578872080874547 0.561881706495682 -0.2347291017208 -0.202020337233919 -0.260187672488659 -0.278845368211863 -0.190378544179873 -0.178744770651234 -0.176188605984122 -0.26990828628554 -0.211042094649176 -0.197340153350044 0.0458601993918073 -0.216320027140056 0.0541037851051823 -0.0881152940239079 -0.177595556352462
"30576" -0.00643816969504506 0.699333945261528 -0.0985177736882269 0.090516223467006 0.7483554718763 0.178630821683455 0.78616934538433 0.165671984290802 0 0.70308778707139 0.523029975884325 0.221831163286296 -0.00146580933451617 0.196710461307607 0.294216146832886 0.0322925493118407 0.839979133853275 0.629911299155051 0.00801602071350186 -0.120383956707979 -0.106702158179844 0.0840738973353506 0.0761698836057542 0.337608111198384 0.287833055087932 -0.0140628582315013 -0.054115468208419 0.10791670239183 0.143120840038003 0.0839868744744015 0.143588692120998 -0.0622923260355536 -0.0776734286695901 0.280688375924684 0.83427806699329 -0.0747437129930673 0.0397677189728863 -0.068441102503562 -0.12092246111081 -0.0287246695538387 -0.150230503601556 0.210567428292021 -0.149365693693385 -0.0642589438549264 -0.172960930417208 -0.0014999862035143 0.0442797913802189 0.195112912088919 0.107878974656485 -0.121672648887085
"47479" 0.0527226272481481 0.926282216131451 -0.0946205495800929 0.103779623989011 0.561717013822426 0.287449140834852 0.53494300826071 0.0558669563609762 0.70308778707139 0 0.40379018129469 0.212816196778333 0.0446417941864285 0.545662869344411 0.439985529474277 0.0538627903314432 0.632648900616838 0.840897190275967 0.318453424901569 -0.0384572814901954 -0.0198744447953163 0.206440364585064 0.222308669756944 0.293053402988853 0.206816894806084 0.0407037902293349 0.0242914093288913 0.124273261720054 0.153793897323111 0.0989953140384886 0.13964454047724 -0.00307522187272758 0.00578285678668932 0.259471728963709 0.548447841658873 0.00111896856853994 0.0923937617832649 0.0136192162035952 -0.0202857480472448 0.0316475569380467 -0.0525258840565797 0.20808219193022 -0.0461843085660546 0.0206983283250296 -0.0689738282026845 0.0255433412134931 0.0882612437653774 0.177885311002785 0.128212353850599 -0.0391306009294495
"49750" 0.69497077005919 0.349613622576162 -0.0843856133651961 0.415133989612615 0.382099396449763 0.0515663465732634 0.519179669297879 -0.120384463011662 0.523029975884325 0.40379018129469 0 0.738810119413996 0.658635297050226 0.520321302836687 0.23471047801671 0.711818185011311 0.777818746202146 0.415532237562072 0.332304657449551 0.687206277871485 0.626740611136457 0.0263415666738765 0.0545729755403644 0.870444935698302 0.640098557548984 0.74235532656176 0.722379132135675 0.60006487823148 0.793833877797955 0.735091786813075 0.73792437637811 0.51180220261987 0.641087335025579 0.261997490250521 0.42588016140554 0.621755719818833 0.743175099345867 0.704987263498215 0.701616521231355 0.653270540554805 0.668080692884904 0.829944475063471 0.676012841042418 0.631244745150883 0.637801436850102 0.695870352710028 0.714320456520187 0.708028730113618 0.755180649024844 0.48768948391908
"49802" 0.696192623344177 0.195117675758022 0.208773350884715 0.413177835690324 0.426350767016584 0.283433953326449 0.510349060969996 0.10888995377744 0.221831163286296 0.212816196778333 0.738810119413996 0 0.710042875515235 0.387922894798483 0.269278176773047 0.803242741102547 0.545431675576566 0.204115553561513 0.329986160023686 0.779311984214638 0.660216969910275 0.22959436122492 0.248198054341877 0.851948100119266 0.758886073067028 0.78143648502284 0.734045071351332 0.59423192316131 0.770361135131445 0.75784863449682 0.747860070132338 0.541498308894685 0.661683992952897 0.31254905439253 0.330963786467991 0.639496642272614 0.74125209812825 0.71917199897985 0.731323581225077 0.660523699357391 0.737423818994143 0.786383226990375 0.714322851443156 0.655283185578094 0.706889651819212 0.783826891452495 0.703715538919307 0.735311763518068 0.775243015381248 0.525240107967576
"51367" 0.74942008751949 -0.0184576334760713 0.120320018971633 0.387149183353529 0.074312383594843 -0.0335614187385144 0.230922938609492 -0.0543485615467255 -0.00146580933451617 0.0446417941864285 0.658635297050226 0.710042875515235 0 0.415285866497287 0.170460941005049 0.78055661415423 0.370906984327902 0.0942411125284319 0.389622771049627 0.807717446996354 0.714652500023541 0.127133726360899 0.154733488400542 0.762725419835306 0.613225186909122 0.809733921708433 0.781699042427949 0.634922332384968 0.765495644775608 0.768875570268094 0.725572385946129 0.574996423036306 0.734722395911002 0.209934128029634 0.0982712013134445 0.68833329034767 0.780803049578865 0.77199396221989 0.798419789632384 0.697192501090782 0.794973363216282 0.762258319779211 0.784510814545836 0.697401981229868 0.805226697972052 0.783636128056338 0.72432045415827 0.699952137874177 0.757677661471948 0.575705944076448
"52165" 0.467361165007032 0.451552929932037 -0.101145431660249 0.258068337412835 0.0455113641678773 -0.0714938958368028 0.124653758641512 -0.20506860020673 0.196710461307607 0.545662869344411 0.520321302836687 0.387922894798483 0.415285866497287 0 0.488240320362802 0.414697105844103 0.407637004419937 0.585502159534687 0.705589875792186 0.448690039946185 0.429543280124073 0.00269372583708773 0.039425299626179 0.49767598929737 0.271874797667707 0.476748291789463 0.49240790151834 0.371192727944115 0.49859612424032 0.45098736438724 0.445409446982319 0.342989620042546 0.441056319594269 0.225054128464533 0.0858751207206592 0.42702931509446 0.485222789495716 0.483849247033328 0.487011140763177 0.429436351563065 0.449400071955915 0.520176772634732 0.473000355006389 0.429738554876475 0.436030302447836 0.410514589891132 0.470232967503817 0.39869102126336 0.46267894268571 0.340663943967617
"55102" 0.0969948328302237 0.389141871248634 0.441084627461178 0.0736798692482852 0.35951990345566 0.00480767040949303 0.495899256327218 0.466437790160504 0.294216146832886 0.439985529474277 0.23471047801671 0.269278176773047 0.170460941005049 0.488240320362802 0 0.238122384906637 0.286719310725803 0.444663807683941 0.421754678514956 0.131672571246303 0.0703367225785455 0.463935817982096 0.456327038520873 0.265784643854871 0.393861391847043 0.155219812756424 0.0792451840081562 0.142104476043388 0.169430656903782 0.195628760381591 0.207576221081254 0.0720379106668104 0.0669718126315434 0.439106062043827 0.463497611457313 0.0637442172458545 0.123639983965551 0.0833444031819283 0.0658346106703876 0.0960954550129505 0.0990513638659507 0.172609419940443 0.0573730659151388 0.0788550176338591 0.0813406723079498 0.232158058184608 0.107896423692006 0.24997126493737 0.186891534285235 0.0482360552788509
"55946" 0.770604530813342 0.00134829028011691 0.22545586860565 0.413712734558559 0.153443389611212 0.00319111162098467 0.337883098351135 0.0485415306678188 0.0322925493118407 0.0538627903314432 0.711818185011311 0.803242741102547 0.78055661415423 0.414697105844103 0.238122384906637 0 0.413876327095228 0.10313462518664 0.375564496319735 0.869878700112209 0.751603024066649 0.218743021029856 0.242934890072783 0.836749383845779 0.722640609443932 0.859870001410855 0.82029258133931 0.62925999038132 0.818376904588633 0.816691428334082 0.787341914332869 0.608112549391261 0.74567809664235 0.281433584103883 0.177046725028179 0.721725738206652 0.807536639398399 0.809850819638325 0.831123325319227 0.736980723891876 0.843136596668553 0.81650051102672 0.822381158751586 0.734731329409873 0.81576775798524 0.86395214660705 0.765010499371528 0.753801406628449 0.818389303595346 0.605024235072524
"57106" 0.388023613942011 0.600933168147389 -0.125660310381653 0.28775270367982 0.640960603700286 0.152147797186217 0.728423394975397 0.00531626107471913 0.839979133853275 0.632648900616838 0.777818746202146 0.545431675576566 0.370906984327902 0.407637004419937 0.286719310725803 0.413876327095228 0 0.591883119819806 0.19422825942653 0.317520310896451 0.292528955935731 0.0426478227241412 0.0549341676778279 0.681701160318093 0.51045313262741 0.409891140198108 0.379678719921274 0.40255854037307 0.52730093927689 0.458740878127012 0.49416472272328 0.25337409817918 0.320775834276471 0.296733887709868 0.701464538461084 0.310582383692583 0.445205427507046 0.360565550291809 0.327272319404137 0.345459709315965 0.290478248919897 0.588770604790923 0.296573816260308 0.323251535321107 0.262197973681133 0.386375803774467 0.431257918926347 0.5053677464048 0.486262925444328 0.203907714427385
"57978" 0.104387249112949 0.774804188925448 -0.0784770404791589 0.112203660256304 0.426391127199981 0.118984794270853 0.468089752070068 0.0393786109615382 0.629911299155051 0.840897190275967 0.415532237562072 0.204115553561513 0.0942411125284319 0.585502159534687 0.444663807683941 0.10313462518664 0.591883119819806 0 0.357423716363018 0.029255255117095 0.0365505899038973 0.214475089095771 0.233965243685243 0.30867068348819 0.206418046943331 0.10050284641902 0.0839908080208668 0.147607692504823 0.199377674936552 0.150564422607953 0.182779592664863 0.0420502884434116 0.0573731120344408 0.265115601050798 0.49574544263221 0.0564096954357892 0.137634080256757 0.0732505241727159 0.0434986376677537 0.080799233025227 0.0140772282269629 0.248417741660839 0.0227826495259649 0.0626632640123479 -0.00284644643076904 0.083511428505169 0.13633781307255 0.201937721147048 0.165857862570455 0.00533859858230722
"59233" 0.363229920117607 0.246613702342219 0.090558987855674 0.189559372314913 -0.0075208593872948 -0.0615559367142726 0.0777040735619974 -0.0362206514348362 0.00801602071350186 0.318453424901569 0.332304657449551 0.329986160023686 0.389622771049627 0.705589875792186 0.421754678514956 0.375564496319735 0.19422825942653 0.357423716363018 0 0.390685657511933 0.353335223904887 0.108306553431772 0.131398892445525 0.366950050650932 0.263992087210052 0.395871776851803 0.389161376974772 0.286606356768523 0.378014184608286 0.37637762200214 0.351841188036406 0.282739729954503 0.353077860326844 0.21311133762336 0.0270874662156468 0.342373442211981 0.377285746693825 0.384344334940361 0.39472250360077 0.344733930135609 0.387845725566106 0.378520093441049 0.394441085295529 0.344991948041396 0.403290881455606 0.383279917257685 0.36036116185849 0.336938613800369 0.367136667054983 0.283764437801628
"60223" 0.828192787056736 -0.0972005230708573 0.10243277987867 0.428498792903932 -0.0265205258644362 -0.0493375810936496 0.136332188730276 -0.124286564495099 -0.120383956707979 -0.0384572814901954 0.687206277871485 0.779311984214638 0.807717446996354 0.448690039946185 0.131672571246303 0.869878700112209 0.317520310896451 0.029255255117095 0.390685657511933 0 0.822176962042827 0.0843852750420623 0.11816030903342 0.817193904797248 0.630669130494454 0.908206713130873 0.892859482210294 0.645400315585207 0.846278113439762 0.835291710815201 0.795214567395855 0.65678103797464 0.814739160075906 0.176727478612435 -0.024526720711697 0.793551661830901 0.858893308865483 0.886761462104714 0.915752967260074 0.791580581330217 0.914748090844648 0.839371850583719 0.908162021708867 0.796797482652532 0.890879642623356 0.872846397528468 0.815102593010794 0.73550323386833 0.842482008635094 0.665636314775528
"61084" 0.752670487090404 -0.0780268075080241 -0.0114360840930684 0.389280723795925 -0.0658402480283522 -0.0550704187441074 0.0612757660566689 -0.220166856509944 -0.106702158179844 -0.0198744447953163 0.626740611136457 0.660216969910275 0.714652500023541 0.429543280124073 0.0703367225785455 0.751603024066649 0.292528955935731 0.0365505899038973 0.353335223904887 0.822176962042827 0 -0.0112473275058769 0.0236023508669582 0.722848909425126 0.510460290426417 0.823009895423584 0.813888201021979 0.578521709741626 0.763298047502526 0.741324823367096 0.705558848814533 0.593139823597691 0.749227436277334 0.124310843287016 -0.0736995452277814 0.718873695362726 0.782071226547533 0.804493893909956 0.835816039674387 0.716461982437002 0.823578229749905 0.758754559783513 0.824760833028551 0.722825467346733 0.805147360447796 0.757592529497756 0.741578887955744 0.641658293887098 0.75661269402591 0.602704762513947
"62303" -0.010988174810401 0.177222468540907 0.874142524113732 -0.00216541233262072 0.334363330891958 0.0744812016519608 0.501400043270515 0.825407857619121 0.0840738973353506 0.206440364585064 0.0263415666738765 0.22959436122492 0.127133726360899 0.00269372583708773 0.463935817982096 0.218743021029856 0.0426478227241412 0.214475089095771 0.108306553431772 0.0843852750420623 -0.0112473275058769 0 0.997093157183529 0.138522643397478 0.447149943106544 0.0682625962932328 -0.0367931379186955 0.0559541511061707 0.041421684419451 0.119725886719499 0.12177891255692 0.00879690642839137 -0.0290576929973153 0.693571572491628 0.441924792510834 -0.0314923019088455 0.00635501884335016 -0.0328053470947807 -0.040721588449183 0.005084227187126 0.0402474088385755 0.0188572278246017 -0.0336198001534786 -0.00907556039003878 0.0240226153499467 0.219188054528861 -0.0144393413569389 0.191079965113414 0.0965338404793388 -0.00550795980449276
"62306" 0.0246190427051737 0.187903323927731 0.854128755582699 0.0156746085319982 0.313958976281201 0.0708106680771411 0.480335346797926 0.789036075588761 0.0761698836057542 0.222308669756944 0.0545729755403644 0.248198054341877 0.154733488400542 0.039425299626179 0.456327038520873 0.242934890072783 0.0549341676778279 0.233965243685243 0.131398892445525 0.11816030903342 0.0236023508669582 0.997093157183529 0 0.165239980681191 0.449491468065285 0.102506109537926 0.00248273511303613 0.0800654173163839 0.0748240848995864 0.148399117709248 0.148754571604136 0.0356611854631906 0.00657184371648865 0.702464278887496 0.418277255595471 0.00312290078573647 0.0419033450070809 0.00594623376117711 -0.000377518853361913 0.037909102896984 0.0759936577777855 0.053180674287237 0.00601305604951401 0.0248108540702141 0.0596953238727201 0.243685378144302 0.0205047252819338 0.211584288885955 0.126479976122219 0.0227153884374477
"63599" 0.77464447105908 0.247618162564698 0.0731649373825808 0.451165013769179 0.373705517310516 0.123246951769477 0.517242059453237 -0.0218820592998364 0.337608111198384 0.293053402988853 0.870444935698302 0.851948100119266 0.762725419835306 0.49767598929737 0.265784643854871 0.836749383845779 0.681701160318093 0.30867068348819 0.366950050650932 0.817193904797248 0.722848909425126 0.138522643397478 0.165239980681191 0 0.750849528902478 0.849456509477339 0.816715228330081 0.658159717592247 0.861675564731289 0.828985685266661 0.816266685719985 0.59013551245684 0.730080027987171 0.301915718222999 0.370878528640245 0.713643961651679 0.827830877759461 0.799914573823932 0.805311281706917 0.731656161711378 0.794940090698635 0.890922889145247 0.784728293318455 0.722021363519651 0.761173331380098 0.826190249637306 0.786858999376968 0.789980076743449 0.843969149394595 0.56992266430475
"64565" 0.545884422812936 0.184024481061598 0.436558362694203 0.327444221744326 0.494709598409661 0.177295170880742 0.659719044399622 0.385437488688927 0.287833055087932 0.206816894806084 0.640098557548984 0.758886073067028 0.613225186909122 0.271874797667707 0.393861391847043 0.722640609443932 0.51045313262741 0.206418046943331 0.263992087210052 0.630669130494454 0.510460290426417 0.447149943106544 0.449491468065285 0.750849528902478 0 0.644521143386332 0.561891373520371 0.501875407533015 0.638548739945154 0.656884237522128 0.650295572800388 0.42756438776333 0.505827286293303 0.42741989867067 0.514162347265078 0.488047705155408 0.592757912251706 0.551230737293961 0.553674888890028 0.523685968076814 0.591950915110035 0.643213252061977 0.540753261033813 0.509662608590573 0.560877271587562 0.712055583447279 0.561198217415803 0.674009120464497 0.659260375437181 0.403701196366039
"66667" 0.830865988629111 -0.019969187582798 0.0594968257436917 0.439212160467496 0.0407823392721684 -0.035359212400329 0.202761767966689 -0.141449793615759 -0.0140628582315013 0.0407037902293349 0.74235532656176 0.78143648502284 0.809733921708433 0.476748291789463 0.155219812756424 0.859870001410855 0.409891140198108 0.10050284641902 0.395871776851803 0.908206713130873 0.823009895423584 0.0682625962932328 0.102506109537926 0.849456509477339 0.644521143386332 0 0.890339750337747 0.667759741353771 0.863863984649975 0.848869894273942 0.808029578809829 0.650894912722388 0.81995284894539 0.192609515696258 0.0502185699494017 0.78502708682208 0.864869787730585 0.879487361238539 0.907315952123433 0.791622963309529 0.896862880594867 0.861266636710209 0.893468289230985 0.793677407631706 0.872562695501629 0.867253357001814 0.823229178781323 0.750768250694366 0.848514295734456 0.656211237310289
"66672" 0.829804362411137 -0.0351885063763826 -0.052751992379191 0.436092634426281 -0.0338482355497296 -0.0414789786672077 0.0980565611637016 -0.265902779828856 -0.054115468208419 0.0242914093288913 0.722379132135675 0.734045071351332 0.781699042427949 0.49240790151834 0.0792451840081562 0.82029258133931 0.379678719921274 0.0839908080208668 0.389161376974772 0.892859482210294 0.813888201021979 -0.0367931379186955 0.00248273511303613 0.816715228330081 0.561891373520371 0.890339750337747 0 0.642448046021444 0.849174710737884 0.817071097690792 0.781649187110448 0.649140615803127 0.836352180371795 0.120088256861296 -0.0452831458494781 0.788787389961723 0.863288125731798 0.885663428199707 0.912918816126237 0.78723948064413 0.894192822957447 0.850117831887475 0.90163283309581 0.795193345013326 0.870507908302795 0.824248080715438 0.824883287087424 0.711721204594284 0.829585158500876 0.663373524185156
"66840" 0.603907324335986 0.0703889970185103 0.0270595267622431 0.3311900585614 0.128678195236593 -0.00123535656541852 0.240076951380779 -0.0884038929239717 0.10791670239183 0.124273261720054 0.60006487823148 0.59423192316131 0.634922332384968 0.371192727944115 0.142104476043388 0.62925999038132 0.40255854037307 0.147607692504823 0.286606356768523 0.645400315585207 0.578521709741626 0.0559541511061707 0.0800654173163839 0.658159717592247 0.501875407533015 0.667759741353771 0.642448046021444 0 0.645302754924888 0.622648808071524 0.605322175228951 0.466749950880973 0.605771473089932 0.171757105796027 0.134428589259772 0.562391204485606 0.653296843071512 0.632358457930781 0.645000876378127 0.571469917789965 0.635211685660615 0.652817227191618 0.633169354769582 0.569297047783111 0.614850474958847 0.627476365141904 0.604693027306726 0.56955889656738 0.630256198653735 0.461602011853507
"66845" 0.797394970652935 0.0950511986225398 0.00107892203304795 0.436764984891621 0.138073193723469 -0.0106641068021525 0.291734142614454 -0.154086547852016 0.143120840038003 0.153793897323111 0.793833877797955 0.770361135131445 0.765495644775608 0.49859612424032 0.169430656903782 0.818376904588633 0.52730093927689 0.199377674936552 0.378014184608286 0.846278113439762 0.763298047502526 0.041421684419451 0.0748240848995864 0.861675564731289 0.638548739945154 0.863863984649975 0.849174710737884 0.645302754924888 0 0.819942835387314 0.792836839384082 0.614902901082222 0.766826500244967 0.207757509778115 0.157891531944972 0.743217137874978 0.835324103274907 0.838430045765651 0.855384429104262 0.753517710527167 0.836859714037358 0.863273835467177 0.840878767627042 0.751206309221228 0.808993076512371 0.816103236602512 0.79863663452059 0.741799275929792 0.826529764031255 0.608739561143552
"66848" 0.767331951347735 0.0419002098313166 0.0995261345632618 0.414256719197428 0.127900766738734 -0.0249736969508229 0.298003226955399 -0.0611933224101879 0.0839868744744015 0.0989953140384886 0.735091786813075 0.75784863449682 0.768875570268094 0.45098736438724 0.195628760381591 0.816691428334082 0.458740878127012 0.150564422607953 0.37637762200214 0.835291710815201 0.741324823367096 0.119725886719499 0.148399117709248 0.828985685266661 0.656884237522128 0.848869894273942 0.817071097690792 0.622648808071524 0.819942835387314 0 0.77160762716151 0.598060177944724 0.740231694535948 0.235532129686225 0.159922865926683 0.717070618856962 0.803503078223233 0.805572554532402 0.824146345831969 0.729263716327601 0.820466240939548 0.820391379523717 0.811493803505226 0.726944010474221 0.80653225641346 0.817069191419154 0.764954785816629 0.732944888211852 0.802585678588314 0.593886275032345
"66850" 0.736907968724521 0.0845139379016048 0.0937487224107484 0.403791131728331 0.169406149243076 -0.0135411475907578 0.339318626710781 -0.0465882371188989 0.143588692120998 0.13964454047724 0.73792437637811 0.747860070132338 0.725572385946129 0.445409446982319 0.207576221081254 0.787341914332869 0.49416472272328 0.182779592664863 0.351841188036406 0.795214567395855 0.705558848814533 0.12177891255692 0.148754571604136 0.816266685719985 0.650295572800388 0.808029578809829 0.781649187110448 0.605322175228951 0.792836839384082 0.77160762716151 0 0.570778154192575 0.706332065455064 0.24510114524918 0.205875811932185 0.684258602691139 0.774673110474236 0.769702973094713 0.786971953463068 0.721555471280529 0.77899826700483 0.800087802296224 0.770220646029078 0.694460029666096 0.752678825362707 0.7855701644978 0.737865122820315 0.712730135449002 0.78220974949845 0.562887323305124
"66861" 0.601707872994047 -0.045772377773454 0.00693111756283776 0.314072451542063 -0.0237631277138423 -0.0301176973802759 0.0817836583053854 -0.153540131549129 -0.0622923260355536 -0.00307522187272758 0.51180220261987 0.541498308894685 0.574996423036306 0.342989620042546 0.0720379106668104 0.608112549391261 0.25337409817918 0.0420502884434116 0.282739729954503 0.65678103797464 0.593139823597691 0.00879690642839137 0.0356611854631906 0.59013551245684 0.42756438776333 0.650894912722388 0.649140615803127 0.466749950880973 0.614902901082222 0.598060177944724 0.570778154192575 0 0.591055959852309 0.10295953085194 -0.0294052251403899 0.572770893347036 0.622101274057343 0.641313609587538 0.663165656107305 0.572663106085692 0.653890284393666 0.612283909758257 0.674798389827335 0.576764573407552 0.638323569997862 0.611907790385394 0.594002510686933 0.522990056964919 0.602954508238114 0.479425184304138
"66987" 0.753148320394463 -0.0531041263457665 -0.037989814142702 0.392985487303524 -0.0486766227751393 -0.0433524567512444 0.070411623934458 -0.239035361739748 -0.0776734286695901 0.00578285678668932 0.641087335025579 0.661683992952897 0.734722395911002 0.441056319594269 0.0669718126315434 0.74567809664235 0.320775834276471 0.0573731120344408 0.353077860326844 0.814739160075906 0.749227436277334 -0.0290576929973153 0.00657184371648865 0.730080027987171 0.505827286293303 0.81995284894539 0.836352180371795 0.605771473089932 0.766826500244967 0.740231694535948 0.706332065455064 0.591055959852309 0 0.104594968226634 -0.0614662438026882 0.717758430528766 0.798397174471814 0.803648806548769 0.833748907347632 0.715453572881351 0.813900638755942 0.76541328385125 0.821294455302637 0.72137462697572 0.7954105398346 0.763592199097711 0.743831977320408 0.642006076126207 0.759091338968799 0.633944276156087
"67132" 0.148238030665178 0.22810794799038 0.639729821412716 0.0918887597150811 0.347075252444875 -0.00610790370495277 0.504014430813612 0.578872080874547 0.280688375924684 0.259471728963709 0.261997490250521 0.31254905439253 0.209934128029634 0.225054128464533 0.439106062043827 0.281433584103883 0.296733887709868 0.265115601050798 0.21311133762336 0.176727478612435 0.124310843287016 0.693571572491628 0.702464278887496 0.301915718222999 0.42741989867067 0.192609515696258 0.120088256861296 0.171757105796027 0.207757509778115 0.235532129686225 0.24510114524918 0.10295953085194 0.104594968226634 0 0.462668333751232 0.100160008541867 0.162735791229756 0.117304907908752 0.104400216123829 0.132952547401392 0.146279196731739 0.20926822982692 0.0998925824263042 0.124009843825838 0.124442620597587 0.280226627051092 0.144628144095586 0.28525251327711 0.232420432570921 0.079879947724981
"67233" 0.00508641187293743 0.544259767916189 0.33952635680059 0.0800722398678972 0.794031253163056 0.150640867730303 0.932021732961605 0.561881706495682 0.83427806699329 0.548447841658873 0.42588016140554 0.330963786467991 0.0982712013134445 0.0858751207206592 0.463497611457313 0.177046725028179 0.701464538461084 0.49574544263221 0.0270874662156468 -0.024526720711697 -0.0736995452277814 0.441924792510834 0.418277255595471 0.370878528640245 0.514162347265078 0.0502185699494017 -0.0452831458494781 0.134428589259772 0.157891531944972 0.159922865926683 0.205875811932185 -0.0294052251403899 -0.0614662438026882 0.462668333751232 0 -0.0607208099960014 0.0569812935198053 -0.0547776462488217 -0.100039691934676 -0.00432027398767814 -0.0731289565025272 0.197662506773556 -0.119591961290148 -0.0394643963304385 -0.094222778868189 0.153174022492283 0.0449212000279644 0.290088512751326 0.162570389871171 -0.0873334221399532
"67252" 0.730071867710749 -0.0516546858917793 -0.0399403518775085 0.380694091206967 -0.0512722122547084 -0.0461550862816635 0.0663811872794643 -0.2347291017208 -0.0747437129930673 0.00111896856853994 0.621755719818833 0.639496642272614 0.68833329034767 0.42702931509446 0.0637442172458545 0.721725738206652 0.310582383692583 0.0564096954357892 0.342373442211981 0.793551661830901 0.718873695362726 -0.0314923019088455 0.00312290078573647 0.713643961651679 0.488047705155408 0.78502708682208 0.788787389961723 0.562391204485606 0.743217137874978 0.717070618856962 0.684258602691139 0.572770893347036 0.717758430528766 0.100160008541867 -0.0607208099960014 0 0.753648254594787 0.807024578779494 0.805657072620887 0.693443790889222 0.791184662426864 0.745161553987538 0.798666419864316 0.69916989515342 0.770707593399796 0.726310881505966 0.723970638222846 0.621482424231045 0.727387889130585 0.580666789639167
"67339" 0.809560648901215 0.0266926156173874 -0.0187550323382845 0.429079453526296 0.0539238142417874 -0.0237390286437257 0.19225751184099 -0.202020337233919 0.0397677189728863 0.0923937617832649 0.743175099345867 0.74125209812825 0.780803049578865 0.485222789495716 0.123639983965551 0.807536639398399 0.445205427507046 0.137634080256757 0.377285746693825 0.858893308865483 0.782071226547533 0.00635501884335016 0.0419033450070809 0.827830877759461 0.592757912251706 0.864869787730585 0.863288125731798 0.653296843071512 0.835324103274907 0.803503078223233 0.774673110474236 0.622101274057343 0.798397174471814 0.162735791229756 0.0569812935198053 0.753648254594787 0 0.845746364760872 0.87827761299298 0.769190696801792 0.850194076135292 0.849109318716514 0.854707775696108 0.759714075756909 0.835471298803303 0.81055491241379 0.796474734319376 0.715551202162876 0.813416391793203 0.622713495970882
"67352" 0.81861462383829 -0.0484309833749167 -0.0458212378693422 0.427855721199936 -0.0481559853861663 -0.054314621473765 0.0862935265320758 -0.260187672488659 -0.068441102503562 0.0136192162035952 0.704987263498215 0.71917199897985 0.77199396221989 0.483849247033328 0.0833444031819283 0.809850819638325 0.360565550291809 0.0732505241727159 0.384344334940361 0.886761462104714 0.804493893909956 -0.0328053470947807 0.00594623376117711 0.799914573823932 0.551230737293961 0.879487361238539 0.885663428199707 0.632358457930781 0.838430045765651 0.805572554532402 0.769702973094713 0.641313609587538 0.803648806548769 0.117304907908752 -0.0547776462488217 0.807024578779494 0.845746364760872 0 0.903693089606406 0.777186398189867 0.882934740011456 0.842775199093231 0.892254873970469 0.783016791612804 0.861624068692767 0.814658752557864 0.810716338820142 0.70675622620506 0.817796491875907 0.649247426525509
"67359" 0.845605258567667 -0.0841168819346012 -0.0437502501199283 0.436206802011701 -0.0845844245621659 -0.0560764617719054 0.0484170826732918 -0.278845368211863 -0.12092246111081 -0.0202857480472448 0.701616521231355 0.731323581225077 0.798419789632384 0.487011140763177 0.0658346106703876 0.831123325319227 0.327272319404137 0.0434986376677537 0.39472250360077 0.915752967260074 0.835816039674387 -0.040721588449183 -0.000377518853361913 0.805311281706917 0.553674888890028 0.907315952123433 0.912918816126237 0.645000876378127 0.855384429104262 0.824146345831969 0.786971953463068 0.663165656107305 0.833748907347632 0.104400216123829 -0.100039691934676 0.805657072620887 0.87827761299298 0.903693089606406 0 0.803543805554223 0.918198422691804 0.853269693517815 0.924850827386702 0.809154361574395 0.900862145910514 0.838554970607895 0.830563059731437 0.712691912244552 0.831916807001047 0.677238039998464
"67380" 0.754302670213611 -0.0192390511456709 -0.00677960022163201 0.384738178956405 -0.00830257620862994 -0.0456745139643108 0.123641659548689 -0.190378544179873 -0.0287246695538387 0.0316475569380467 0.653270540554805 0.660523699357391 0.697192501090782 0.429436351563065 0.0960954550129505 0.736980723891876 0.345459709315965 0.080799233025227 0.344733930135609 0.791580581330217 0.716461982437002 0.005084227187126 0.037909102896984 0.731656161711378 0.523685968076814 0.791622963309529 0.78723948064413 0.571469917789965 0.753517710527167 0.729263716327601 0.721555471280529 0.572663106085692 0.715453572881351 0.132952547401392 -0.00432027398767814 0.693443790889222 0.769190696801792 0.777186398189867 0.803543805554223 0 0.787482852761383 0.760154990008979 0.791026837255248 0.698364893055715 0.774252865115973 0.740567125870157 0.724334603579626 0.641259740706466 0.735929614051211 0.594482826553562
"67483" 0.828330675679407 -0.114411897243839 0.0544151327280826 0.423424281519905 -0.0693397248746436 -0.0604287806720429 0.0817326794165124 -0.178744770651234 -0.150230503601556 -0.0525258840565797 0.668080692884904 0.737423818994143 0.794973363216282 0.449400071955915 0.0990513638659507 0.843136596668553 0.290478248919897 0.0140772282269629 0.387845725566106 0.914748090844648 0.823578229749905 0.0402474088385755 0.0759936577777855 0.794940090698635 0.591950915110035 0.896862880594867 0.894192822957447 0.635211685660615 0.836859714037358 0.820466240939548 0.77899826700483 0.653890284393666 0.813900638755942 0.146279196731739 -0.0731289565025272 0.791184662426864 0.850194076135292 0.882934740011456 0.918198422691804 0.787482852761383 0 0.825294090974745 0.912924566448426 0.796779855122279 0.89560172561783 0.852116771539064 0.810191938648015 0.71343526842873 0.826193830332897 0.665325465790553
"67511" 0.80026468607573 0.154099867387972 -0.0390748998388248 0.446526538127517 0.187065649767224 0.0203158681998555 0.329890051589 -0.176188605984122 0.210567428292021 0.20808219193022 0.829944475063471 0.786383226990375 0.762258319779211 0.520176772634732 0.172609419940443 0.81650051102672 0.588770604790923 0.248417741660839 0.378520093441049 0.839371850583719 0.758754559783513 0.0188572278246017 0.053180674287237 0.890922889145247 0.643213252061977 0.861266636710209 0.850117831887475 0.652817227191618 0.863273835467177 0.820391379523717 0.800087802296224 0.612283909758257 0.76541328385125 0.20926822982692 0.197662506773556 0.745161553987538 0.849109318716514 0.842775199093231 0.853269693517815 0.760154990008979 0.825294090974745 0 0.832944571496582 0.755639197906801 0.806061896257929 0.809740173330776 0.814652964729008 0.750149541457721 0.833457016839251 0.60239708814668
"67569" 0.830801968559231 -0.106427093832209 -0.030964048884877 0.426692302244883 -0.106264703067249 -0.0677403072025414 0.0296454725400023 -0.26990828628554 -0.149365693693385 -0.0461843085660546 0.676012841042418 0.714322851443156 0.784510814545836 0.473000355006389 0.0573730659151388 0.822381158751586 0.296573816260308 0.0227826495259649 0.394441085295529 0.908162021708867 0.824760833028551 -0.0336198001534786 0.00601305604951401 0.784728293318455 0.540753261033813 0.893468289230985 0.90163283309581 0.633169354769582 0.840878767627042 0.811493803505226 0.770220646029078 0.674798389827335 0.821294455302637 0.0998925824263042 -0.119591961290148 0.798666419864316 0.854707775696108 0.892254873970469 0.924850827386702 0.791026837255248 0.912924566448426 0.832944571496582 0 0.801400357835238 0.891550287357898 0.830700302812461 0.820125891907133 0.696013530864727 0.817826837241962 0.668625566092633
