"1" "43" "73" "187" "238" "497" "512" "548" "684" "762" "2223" "2294" "2341" "2473" "3078" "3145" "3938" "5448" "5482" "6858" "9446" "9995" "16243" "31182" "49181" "51108" "51900" "52892" "53182" "55014" "55398" "55918" "57179" "57839" "58638" "58852" "59092" "59379" "61971" "62383" "63041" "63223" "65388" "65866" "69128"
"1" 0 0.627050565611659 -0.0740888813682119 -0.151348309808378 0.391137705578214 0.129177384192271 -0.114804268521482 0.256772510063578 0.0560385901447376 0.0975086869934653 0.129582385693171 0.651689343156042 0.403537270282019 0.690326143681854 -0.163267718480543 0.432686961244359 0.128490335920671 0.39948583723864 -0.240733695888568 0.537239820084348 0.224236187268175 0.549430834035508 0.112707892242313 -0.331516317990177 0.598753531879221 0.070467061400362 0.334331894981655 -0.0821947586566959 0.228131895539582 0.558480236709371 0.403518215256525 0.287564411731778 0.192490890292353 -0.0699834591589806 0.437134028175358 -0.379782228422148 0.379891051416105 0.24924942608675 0.345997347214611 0.41691882958812 0.409643538063215 0.533465000138556 -0.0578807033168131 0.554528594332884 0.361703812639418
"43" 0.627050565611659 0 0.0974823208927008 0.0108185043105045 0.408708226623628 0.343589211973575 0.0461494436035153 0.44477216260527 0.190613692134772 0.115547285917149 0.291011673087912 0.589783140396505 0.364717510919383 0.582720879424305 -0.00613851204710005 0.618031759065733 0.104171964042739 0.346497347584364 -0.0645355786432032 0.533643827421163 0.202019206613592 0.484716992791218 0.275415168437601 -0.324560032887313 0.539245628013749 0.0682445815539909 0.49066276659261 -0.064272817762908 0.357327761888651 0.495101251191536 0.372656568176238 0.23919599033542 0.176627153642769 -0.0902553370535681 0.590110028533907 -0.240347736862462 0.31838033920212 0.229117746128992 0.313556509002366 0.360066131324909 0.352606054964323 0.469825483233953 -0.0802544532016506 0.49097993333998 0.299280689563897
"73" -0.0740888813682119 0.0974823208927008 0 0.955139485467397 0.568091274716331 0.466215191645829 0.869675811979916 0.402230108726066 0.534539345775339 0.395713053435464 0.850589015662552 -0.0886410501335322 0.0725098920322711 -0.0912223395084509 0.365824161715394 0.404519894109355 -0.107427172457672 0.141340502135888 0.766508856385531 0.360612618196843 0.0954850293951162 -0.000942746134967966 0.249073447640745 0.0340665002804776 -0.0795653811229957 0.115283885588774 0.144911858177422 0.00897055455846229 0.120192236784447 -0.0134229665562752 0.0562921760222839 0.0437354952204479 0.0963334333694492 -0.0392366361844893 0.138653651070945 0.163742532256481 -0.0146648757285321 0.0829008946724645 0.0645557158503686 -0.00839037178982822 0.00374929572667646 -0.0119673117134428 -0.0499235672838567 -0.00598625219932848 -0.0152217100552581
"187" -0.151348309808378 0.0108185043105045 0.955139485467397 0 0.50773232514204 0.508437875024093 0.949917574477538 0.448863093235323 0.41972369780982 0.26922209395021 0.806766771138981 -0.0454765306950808 -0.0459540427929669 -0.181945244781604 0.515266519801201 0.325735695030991 -0.155151311285948 0.157798862560925 0.864902355629001 0.325753154433435 0.0240691129083891 -0.0674762295570375 0.362526536058247 0.257128617686545 -0.119138946910496 0.0546313364872451 0.104063688586899 -0.0981079192319625 0.202728332247312 -0.106073467756889 -0.112978396641163 0.0915640522195615 0.0160531383960322 0.0919573529624932 0.107193657946561 0.237948075605283 0.0397488068021753 -0.0219791883956546 -0.0438650848625998 -0.0124277400551565 0.000153553307922264 -0.0809347550167539 0.0833301445533768 -0.0896395499248743 0.0574387500965815
"238" 0.391137705578214 0.408708226623628 0.568091274716331 0.50773232514204 0 0.151966472585878 0.457992321030314 0.217215633154414 0.336497038344183 0.176169835167659 0.586306250473149 0.330876776253033 0.0990629734329884 0.351137395753635 -0.0215811581647885 0.349893889876499 -0.127846694674203 0.18595892302315 0.260273969589235 0.651584024545028 -0.00288906632974056 0.212673403675371 0.0338589002008394 -0.235434343047779 0.287807966512403 -0.0657157306058051 0.0779878843149389 -0.179827022182992 0.0336462203757106 0.198633324677123 0.112940899923124 0.0231512924139051 -0.00363587144941963 -0.170714194285486 0.145201330111531 -0.256703623791742 0.100274933532434 0.0185723632025237 0.0676668381050521 0.139585997856083 0.109304097416007 0.181329914060103 -0.166910163434067 0.2055351950215 0.0830166672353144
"497" 0.129177384192271 0.343589211973575 0.466215191645829 0.508437875024093 0.151966472585878 0 0.605979424221391 0.882163831203565 0.237232251719808 0.388462540479478 0.497880224419715 0.367703980128503 0.495867307288833 0.0993811602557655 0.789804116898486 0.684129173501758 0.254430309425277 0.6351724696515 0.688049384008361 0.149068463469373 0.543483047326031 0.400617985889919 0.862546570850122 0.417730801289254 0.272716300837293 0.469889566194179 0.688707417674619 0.144083915917857 0.743485942208522 0.389116556833196 0.338948451995221 0.68312091836873 0.4705177974924 0.432524058481227 0.714156232306059 0.4107659157164 0.540224466485192 0.453715870852754 0.461200575073222 0.423779884869562 0.519084227085752 0.427411918273254 0.42624486317732 0.394069584834876 0.579389158062981
"512" -0.114804268521482 0.0461494436035153 0.869675811979916 0.949917574477538 0.457992321030314 0.605979424221391 0 0.604051849117084 0.220507814315119 0.118562008231092 0.796452289678321 0.0695694134190917 -0.0629013155779239 -0.170122035679556 0.623727246049572 0.39896624105848 -0.117363383207733 0.301786398253634 0.878326246920724 0.333427803755257 -0.00676778789049292 0.0390014647169866 0.541413428867398 0.407775549175448 -0.116116943603227 -0.0161555727482408 0.188796037612483 -0.238107770711507 0.391844091235394 -0.0234661533497133 -0.187201951097107 0.222269319622817 -0.0378077681514952 0.257380076104989 0.244158838537507 0.199474042926195 0.226718257219526 -0.0841434642154342 -0.0754489774238327 0.120824411351339 0.126935343401163 0.0186058849164061 0.255796872533969 0.000592677178060016 0.262646528895082
"548" 0.256772510063578 0.44477216260527 0.402230108726066 0.448863093235323 0.217215633154414 0.882163831203565 0.604051849117084 0 -0.0515332201411569 0.144583669415164 0.578969519193333 0.424524518314002 0.437789586285245 0.189684949719815 0.641919565493583 0.824159597419472 0.272170014478027 0.756579770892681 0.522899647516192 0.320613201008702 0.363601296204036 0.610114759558421 0.882797413070642 0.328691867828371 0.200729087923811 0.196466406702372 0.721482731032982 -0.119977367803086 0.842103634030225 0.566901268029123 0.259360109404211 0.689198830635935 0.279975843051042 0.484619021429302 0.857604132390065 0.0864360239749643 0.720637450326713 0.279472657169202 0.367941112158591 0.598918006979596 0.638941889590775 0.603643630260286 0.492872043772398 0.579569001450635 0.757186287668538
"684" 0.0560385901447376 0.190613692134772 0.534539345775339 0.41972369780982 0.336497038344183 0.237232251719808 0.220507814315119 -0.0515332201411569 0 0.714299902754962 0.250322406016352 0.0363470427451285 0.263422995228444 0.102652657849791 0.177932168599248 0.0497589706318206 -0.0963480676139204 -0.213391472540039 0.428014989710981 0.079963848100473 0.400010159334253 -0.280119626159108 -0.0865912599560092 -0.197459936473357 0.358146368274259 0.560454391734162 0.0719134168317129 0.531467801266743 -0.218264125558168 -0.199618064643022 0.362360057797373 -0.0964763137616054 0.436913452012796 -0.372897068476899 -0.122187478264383 0.4803264143306 -0.410815345342116 0.437644333535019 0.303762934533325 -0.314743473556454 -0.228235543809533 -0.225905221175122 -0.402458501337311 -0.225746492626412 -0.435924568228413
"762" 0.0975086869934653 0.115547285917149 0.395713053435464 0.26922209395021 0.176169835167659 0.388462540479478 0.118562008231092 0.144583669415164 0.714299902754962 0 0.20929224160762 0.0629667263585596 0.700789417487672 0.15993589362515 0.228254116912913 0.263477741556278 0.256817967064228 0.219722272820333 0.3384707111218 -0.00360960366280924 0.776743054454877 0.147598871205865 0.0902889891687135 -0.135026795236983 0.378811947344758 0.837592670917665 0.314129731598846 0.713346200122878 -0.00935595400543638 0.238576689673433 0.738523113525278 0.338570333005423 0.767428862753267 -0.0941393723196154 0.153457305376918 0.441404903559868 -0.0113805978169096 0.791108114300832 0.700838394698669 0.0586083991033986 0.188850548749103 0.214580809568536 -0.123317780169803 0.208834894745861 -0.0298023930595459
"2223" 0.129582385693171 0.291011673087912 0.850589015662552 0.806766771138981 0.586306250473149 0.497880224419715 0.796452289678321 0.578969519193333 0.250322406016352 0.20929224160762 0 0.0414441420366983 0.159171961988624 0.112083103161994 0.245046930274849 0.645577114108152 0.00170576068997058 0.360538950020224 0.554771705470542 0.518760232818699 0.0372518244069158 0.32267810263712 0.348219870684235 -0.07630302314883 -0.0631100429158383 -0.0593416511505093 0.307685342727353 -0.178964440660315 0.314137912350755 0.288478733676533 0.115335794819281 0.163068531930864 0.0185378209714202 0.0544518774071057 0.417083705832075 -0.142202603246577 0.256917747054691 0.0335159939133423 0.102139693728389 0.259751273136862 0.232802517913425 0.283519039556637 0.0581646233026624 0.302880830056008 0.259698909463311
"2294" 0.651689343156042 0.589783140396505 -0.0886410501335322 -0.0454765306950808 0.330876776253033 0.367703980128503 0.0695694134190917 0.424524518314002 0.0363470427451285 0.0629667263585596 0.0414441420366983 0 0.347813348015213 0.583211712746026 0.280460705091254 0.326938366558061 0.0619788370267524 0.503754959414935 0.0774591114208348 0.478045529388439 0.311775607249089 0.427541204637363 0.436407134354325 0.155203839027488 0.785836150446622 0.197935154046329 0.365240430009408 -0.134128497043949 0.44400223469061 0.409768439672357 0.231427668403277 0.511542189367739 0.250649026689919 0.183764826995364 0.433207302483079 -0.0560760322069329 0.507159019824449 0.253951866279943 0.308251991230638 0.420901678498996 0.463270211310712 0.434343101539405 0.192494629649441 0.414803662048444 0.532760658453431
"2341" 0.403537270282019 0.364717510919383 0.0725098920322711 -0.0459540427929669 0.0990629734329884 0.495867307288833 -0.0629013155779239 0.437789586285245 0.263422995228444 0.700789417487672 0.159171961988624 0.347813348015213 0 0.420039695317695 0.157397916105751 0.577939103886122 0.494646481104798 0.636053215844971 0.0347358099437867 0.141858885685416 0.841190365708908 0.659705547562725 0.327235417230702 -0.165047945685382 0.491563514882002 0.731698697605056 0.617868960695447 0.52146219583367 0.347798957638046 0.728433694448758 0.892514151116686 0.665730540718548 0.784311338837386 0.144133528654446 0.593852111928949 0.107898157489125 0.476503030009568 0.842761722249557 0.869471227850282 0.507115328007482 0.617015052392482 0.702962788170391 0.133443278758614 0.701711430418023 0.4663261423212
"2473" 0.690326143681854 0.582720879424305 -0.0912223395084509 -0.181945244781604 0.351137395753635 0.0993811602557655 -0.170122035679556 0.189684949719815 0.102652657849791 0.15993589362515 0.112083103161994 0.583211712746026 0.420039695317695 0 -0.182949895528022 0.38115920086167 0.137181303737034 0.335853516749649 -0.255210236941547 0.495193148650426 0.261388127334766 0.490087602472523 0.057150346523886 -0.357980202663156 0.589361122061426 0.133819386571374 0.311246173712014 0.00917725811482579 0.162158438755702 0.512572031903486 0.438905397991258 0.251064046076184 0.236897830392507 -0.110782759873293 0.382906275573107 -0.316832003247656 0.302645597332221 0.294253083054967 0.370770955917866 0.355117954250983 0.358132616146171 0.483144889588222 -0.102568776529564 0.503988535172077 0.280538786799301
"3078" -0.163267718480543 -0.00613851204710005 0.365824161715394 0.515266519801201 -0.0215811581647885 0.789804116898486 0.623727246049572 0.641919565493583 0.177932168599248 0.228254116912913 0.245046930274849 0.280460705091254 0.157397916105751 -0.182949895528022 0 0.229453989315441 0.0581271294913168 0.376067025521852 0.828581790627018 -0.095333702979247 0.370795456094846 -0.0201448006578285 0.798242068541631 0.778942846737761 0.15263481387201 0.407674507306812 0.369977764980688 0.0849782006105454 0.592952771100081 -0.0529724954371295 -0.0414273457072677 0.547366498800066 0.308293079804906 0.505008056749291 0.322505600288041 0.669946834688207 0.329759483773593 0.233256036746 0.169536885738758 0.142788998825462 0.248058602532091 0.0224730303606881 0.493278563910592 -0.0412416397449495 0.397670921850188
"3145" 0.432686961244359 0.618031759065733 0.404519894109355 0.325735695030991 0.349893889876499 0.684129173501758 0.39896624105848 0.824159597419472 0.0497589706318206 0.263477741556278 0.645577114108152 0.326938366558061 0.577939103886122 0.38115920086167 0.229453989315441 0 0.337238751929633 0.702143989135979 0.216169089515517 0.460384648105411 0.376404035661533 0.769892979766671 0.584719068709647 -0.167396166526353 0.221213061839494 0.169013652195558 0.733701171055402 -0.0242750177891431 0.64290926100148 0.758433543238917 0.517505424819527 0.534047829312356 0.315578204643532 0.207861792381449 0.891189315165642 -0.207453307570418 0.625845079297653 0.372553626498122 0.494727186333627 0.626365409258025 0.64106367872173 0.746070049304111 0.217791158777929 0.762752741564806 0.619135845738242
"3938" 0.128490335920671 0.104171964042739 -0.107427172457672 -0.155151311285948 -0.127846694674203 0.254430309425277 -0.117363383207733 0.272170014478027 -0.0963480676139204 0.256817967064228 0.00170576068997058 0.0619788370267524 0.494646481104798 0.137181303737034 0.0581271294913168 0.337238751929633 0 0.404640763850739 -0.0924509066656545 -0.0486991883913697 0.419961845691427 0.446975835199342 0.223302278996247 0.00144224844651569 0.098646811207241 0.327023067129825 0.370047962098852 0.329323142020807 0.267618541675281 0.471984025159621 0.460483937216206 0.412769729964941 0.384827363777046 0.309189902135165 0.400025041299395 0.0430130691833731 0.358527551976747 0.42141971861902 0.454324722593179 0.361576133332194 0.407831475989774 0.464402668842604 0.306357614659287 0.459066549269917 0.363000284642372
"5448" 0.39948583723864 0.346497347584364 0.141340502135888 0.157798862560925 0.18595892302315 0.6351724696515 0.301786398253634 0.756579770892681 -0.213391472540039 0.219722272820333 0.360538950020224 0.503754959414935 0.636053215844971 0.335853516749649 0.376067025521852 0.702143989135979 0.404640763850739 0 0.207677996104911 0.344773254145353 0.509585306056242 0.806423094160711 0.66294213149417 0.198010412787429 0.311656706386611 0.297048540387019 0.62598645993512 -0.0283349249747007 0.688063294468107 0.776639781136931 0.474410329047741 0.802849144305837 0.415352348983651 0.482970546282818 0.764907235158171 -0.108532300793024 0.836373391667047 0.441443850581562 0.554850677599607 0.739223180298378 0.787231215892943 0.800136070948299 0.492674447596117 0.786106621438046 0.861362261420587
"5482" -0.240733695888568 -0.0645355786432032 0.766508856385531 0.864902355629001 0.260273969589235 0.688049384008361 0.878326246920724 0.522899647516192 0.428014989710981 0.3384707111218 0.554771705470542 0.0774591114208348 0.0347358099437867 -0.255210236941547 0.828581790627018 0.216169089515517 -0.0924509066656545 0.207677996104911 0 0.0634942757735494 0.232524987899436 -0.163353293039205 0.584624204166634 0.590185278813405 0.012899107967265 0.318381074609762 0.196482681816725 0.0626418594847262 0.356195822982396 -0.192264746927364 -0.100235700045886 0.29655462897319 0.203095418951487 0.28373984047006 0.131412194233657 0.596173945761228 0.0983679396740248 0.133545192946377 0.0545695456179615 -0.0261811172499574 0.0537132710188714 -0.13665634833567 0.266870092210736 -0.179093359213703 0.146643646849873
"6858" 0.537239820084348 0.533643827421163 0.360612618196843 0.325753154433435 0.651584024545028 0.149068463469373 0.333427803755257 0.320613201008702 0.079963848100473 -0.00360960366280924 0.518760232818699 0.478045529388439 0.141858885685416 0.495193148650426 -0.095333702979247 0.460384648105411 -0.0486991883913697 0.344773254145353 0.0634942757735494 0 -0.0413907580860984 0.454346809780791 0.116842649361155 -0.261400673855118 0.336542618059291 -0.187676517718492 0.184190589367816 -0.327523002361775 0.18451210692413 0.402514939112908 0.128949144897837 0.133197512837468 -0.0614715494662775 -0.0756180840547334 0.329498825163964 -0.453249130415995 0.31491207184643 -0.0241591690731566 0.085325499107318 0.336367938604307 0.283689820494567 0.386152023611749 -0.0605947757175429 0.414402565153824 0.300397442393166
"9446" 0.224236187268175 0.202019206613592 0.0954850293951162 0.0240691129083891 -0.00288906632974056 0.543483047326031 -0.00676778789049292 0.363601296204036 0.400010159334253 0.776743054454877 0.0372518244069158 0.311775607249089 0.841190365708908 0.261388127334766 0.370795456094846 0.376404035661533 0.419961845691427 0.509585306056242 0.232524987899436 -0.0413907580860984 0 0.405151914989715 0.368651975002418 0.0689224579235995 0.497231413994176 0.877243156614501 0.523533078058218 0.637149023133434 0.301840849800859 0.474685644635826 0.796187987346396 0.654202481830781 0.850677357643609 0.184411317571901 0.422871358820832 0.419839353397019 0.340897717638385 0.867214078158569 0.819803474946883 0.330810851805441 0.480475398521555 0.473927713314985 0.163793637978576 0.449571945646243 0.345352443946007
"9995" 0.549430834035508 0.484716992791218 -0.000942746134967966 -0.0674762295570375 0.212673403675371 0.400617985889919 0.0390014647169866 0.610114759558421 -0.280119626159108 0.147598871205865 0.32267810263712 0.427541204637363 0.659705547562725 0.490087602472523 -0.0201448006578285 0.769892979766671 0.446975835199342 0.806423094160711 -0.163353293039205 0.454346809780791 0.405151914989715 0 0.408216896688826 -0.201021355183681 0.287635914622493 0.139307079551436 0.610415548442861 -0.0556229863414058 0.541361668367165 0.9242268082727 0.58721780709583 0.632810671805894 0.329546338865742 0.277392775062201 0.796542664239135 -0.432751026153963 0.773506499833297 0.406148807007526 0.566118607564536 0.768503126160039 0.769868984247302 0.908693624716452 0.294159633267067 0.927198566091589 0.767311261519633
"16243" 0.112707892242313 0.275415168437601 0.249073447640745 0.362526536058247 0.0338589002008394 0.862546570850122 0.541413428867398 0.882797413070642 -0.0865912599560092 0.0902889891687135 0.348219870684235 0.436407134354325 0.327235417230702 0.057150346523886 0.798242068541631 0.584719068709647 0.223302278996247 0.66294213149417 0.584624204166634 0.116842649361155 0.368651975002418 0.408216896688826 0 0.584542112699847 0.209667419545409 0.264008999180385 0.622688784645168 -0.0799421300187986 0.825778353776495 0.360918141657955 0.116963974106331 0.702499785141264 0.287129095132019 0.57605551136176 0.701519103288962 0.31114997940555 0.65463725564399 0.249364712215698 0.289428796357638 0.479083484510222 0.54833625000311 0.419179808614591 0.579681994076334 0.377352007792262 0.710501776535337
"31182" -0.331516317990177 -0.324560032887313 0.0340665002804776 0.257128617686545 -0.235434343047779 0.417730801289254 0.407775549175448 0.328691867828371 -0.197459936473357 -0.135026795236983 -0.07630302314883 0.155203839027488 -0.165047945685382 -0.357980202663156 0.778942846737761 -0.167396166526353 0.00144224844651569 0.198010412787429 0.590185278813405 -0.261400673855118 0.0689224579235995 -0.201021355183681 0.584542112699847 0 -0.0608374889576491 0.123644392818892 0.034393257862525 0.00896719382628722 0.408040817754429 -0.262837883743898 -0.377885548701911 0.374897071328311 0.0171903040965408 0.732314931792942 0.00149459489766127 0.55938974180948 0.252547774883121 -0.0803472503937568 -0.137745370015623 0.0278897803976806 0.101298150047847 -0.173667750943194 0.725102157308459 -0.242345500577377 0.330889017500477
"49181" 0.598753531879221 0.539245628013749 -0.0795653811229957 -0.119138946910496 0.287807966512403 0.272716300837293 -0.116116943603227 0.200729087923811 0.358146368274259 0.378811947344758 -0.0631100429158383 0.785836150446622 0.491563514882002 0.589361122061426 0.15263481387201 0.221213061839494 0.098646811207241 0.311656706386611 0.012899107967265 0.336542618059291 0.497231413994176 0.287635914622493 0.209667419545409 -0.0608374889576491 0 0.462820145652004 0.323280030815202 0.218684004705448 0.198321001990552 0.32739341663661 0.46292508776922 0.389157974918755 0.463897860346348 -0.0331228292546328 0.284246917441259 0.107058813821048 0.248825277612929 0.483221391014183 0.473766972305804 0.235560455729526 0.314067611579715 0.324887798395606 -0.0436957156421375 0.312825330307329 0.241159144974983
"51108" 0.070467061400362 0.0682445815539909 0.115283885588774 0.0546313364872451 -0.0657157306058051 0.469889566194179 -0.0161555727482408 0.196466406702372 0.560454391734162 0.837592670917665 -0.0593416511505093 0.197935154046329 0.731698697605056 0.133819386571374 0.407674507306812 0.169013652195558 0.327023067129825 0.297048540387019 0.318381074609762 -0.187676517718492 0.877243156614501 0.139307079551436 0.264008999180385 0.123644392818892 0.462820145652004 0 0.385012450255879 0.74638499459162 0.144416406255306 0.226195772497913 0.705634641800879 0.514486051434915 0.842957265610773 0.0965620959111208 0.204351870446152 0.613653325604808 0.10872443888172 0.845665967171502 0.739606329067878 0.109118376697824 0.27523855378857 0.228459226996768 0.0673663968910493 0.196254635244503 0.117231276506083
"51900" 0.334331894981655 0.49066276659261 0.144911858177422 0.104063688586899 0.0779878843149389 0.688707417674619 0.188796037612483 0.721482731032982 0.0719134168317129 0.314129731598846 0.307685342727353 0.365240430009408 0.617868960695447 0.311246173712014 0.369977764980688 0.733701171055402 0.370047962098852 0.62598645993512 0.196482681816725 0.184190589367816 0.523533078058218 0.610415548442861 0.622688784645168 0.034393257862525 0.323280030815202 0.385012450255879 0 0.165286633127558 0.821063021026351 0.619492819198704 0.527497758508766 0.60773194936746 0.45964259551702 0.280760717427831 0.789148585782146 0.0812244035093643 0.560494156067278 0.491858409528365 0.557778180307841 0.728355916181892 0.594168193894244 0.62168947791202 0.282509237163037 0.616228137904136 0.570328339381649
"52892" -0.0821947586566959 -0.064272817762908 0.00897055455846229 -0.0981079192319625 -0.179827022182992 0.144083915917857 -0.238107770711507 -0.119977367803086 0.531467801266743 0.713346200122878 -0.178964440660315 -0.134128497043949 0.52146219583367 0.00917725811482579 0.0849782006105454 -0.0242750177891431 0.329323142020807 -0.0283349249747007 0.0626418594847262 -0.327523002361775 0.637149023133434 -0.0556229863414058 -0.0799421300187986 0.00896719382628722 0.218684004705448 0.74638499459162 0.165286633127558 0 -0.150771663180509 0.0453068028302637 0.589968271791223 0.161381098597816 0.645326158129687 0.170878523208077 -0.0300820731096176 0.517905772890336 -0.189752197128408 0.662282810290809 0.546903874578906 -0.113590397193059 0.00870935625978533 0.0222341178833463 0.13699480341021 0.0101715243067283 -0.20751483654223
"53182" 0.228131895539582 0.357327761888651 0.120192236784447 0.202728332247312 0.0336462203757106 0.743485942208522 0.391844091235394 0.842103634030225 -0.218264125558168 -0.00935595400543638 0.314137912350755 0.44400223469061 0.347798957638046 0.162158438755702 0.592952771100081 0.64290926100148 0.267618541675281 0.688063294468107 0.356195822982396 0.18451210692413 0.301840849800859 0.541361668367165 0.825778353776495 0.408040817754429 0.198321001990552 0.144416406255306 0.821063021026351 -0.150771663180509 0 0.49198500865293 0.162901681966152 0.668278477813517 0.217017015269253 0.52609484403532 0.761719956562639 0.0892868012105712 0.70541937751948 0.208389570733424 0.29221024279239 0.742746331819809 0.602169593355421 0.536568144633848 0.536863891732548 0.508315196688966 0.750670647914661
"55014" 0.558480236709371 0.495101251191536 -0.0134229665562752 -0.106073467756889 0.198633324677123 0.389116556833196 -0.0234661533497133 0.566901268029123 -0.199618064643022 0.238576689673433 0.288478733676533 0.409768439672357 0.728433694448758 0.512572031903486 -0.0529724954371295 0.758433543238917 0.471984025159621 0.776639781136931 -0.192264746927364 0.402514939112908 0.474685644635826 0.9242268082727 0.360918141657955 -0.262837883743898 0.32739341663661 0.226195772497913 0.619492819198704 0.0453068028302637 0.49198500865293 0 0.671760289322932 0.624370731331539 0.405631737835805 0.226076859884921 0.778597770277227 -0.396774818093012 0.727323151014284 0.481878305262497 0.63404534247944 0.7398391489641 0.754957273415826 0.911181402988398 0.239329615418986 0.932085102831669 0.713809820999293
"55398" 0.403518215256525 0.372656568176238 0.0562921760222839 -0.112978396641163 0.112940899923124 0.338948451995221 -0.187201951097107 0.259360109404211 0.362360057797373 0.738523113525278 0.115335794819281 0.231427668403277 0.892514151116686 0.438905397991258 -0.0414273457072677 0.517505424819527 0.460483937216206 0.474410329047741 -0.100235700045886 0.128949144897837 0.796187987346396 0.58721780709583 0.116963974106331 -0.377885548701911 0.46292508776922 0.705634641800879 0.527497758508766 0.589968271791223 0.162901681966152 0.671760289322932 0 0.490250253772245 0.757760307722621 -0.0361192144915906 0.48764821674243 0.0416810328812874 0.308308773268802 0.832045558172052 0.849201157865398 0.395642580146131 0.491046884007499 0.628381133534638 -0.048912324649994 0.642534210492746 0.275819354161286
"55918" 0.287564411731778 0.23919599033542 0.0437354952204479 0.0915640522195615 0.0231512924139051 0.68312091836873 0.222269319622817 0.689198830635935 -0.0964763137616054 0.338570333005423 0.163068531930864 0.511542189367739 0.665730540718548 0.251064046076184 0.547366498800066 0.534047829312356 0.412769729964941 0.802849144305837 0.29655462897319 0.133197512837468 0.654202481830781 0.632810671805894 0.702499785141264 0.374897071328311 0.389157974918755 0.514486051434915 0.60773194936746 0.161381098597816 0.668278477813517 0.624370731331539 0.490250253772245 0 0.564775576375721 0.524967726749417 0.66060692052018 0.183980388273615 0.742254907113971 0.562342170001668 0.611310228707732 0.624095757042658 0.736975844141635 0.661028092124721 0.527151051746121 0.629388910323856 0.780383877305554
"57179" 0.192490890292353 0.176627153642769 0.0963334333694492 0.0160531383960322 -0.00363587144941963 0.4705177974924 -0.0378077681514952 0.279975843051042 0.436913452012796 0.767428862753267 0.0185378209714202 0.250649026689919 0.784311338837386 0.236897830392507 0.308293079804906 0.315578204643532 0.384827363777046 0.415352348983651 0.203095418951487 -0.0614715494662775 0.850677357643609 0.329546338865742 0.287129095132019 0.0171903040965408 0.463897860346348 0.842957265610773 0.45964259551702 0.645326158129687 0.217017015269253 0.405631737835805 0.757760307722621 0.564775576375721 0 0.122192586193225 0.344935502060482 0.415590688766988 0.244784002499276 0.825710057471224 0.770400321652314 0.255245958284545 0.397514513110111 0.406499435163116 0.100524012109834 0.378998238762289 0.244096909182354
"57839" -0.0699834591589806 -0.0902553370535681 -0.0392366361844893 0.0919573529624932 -0.170714194285486 0.432524058481227 0.257380076104989 0.484619021429302 -0.372897068476899 -0.0941393723196154 0.0544518774071057 0.183764826995364 0.144133528654446 -0.110782759873293 0.505008056749291 0.207861792381449 0.309189902135165 0.482970546282818 0.28373984047006 -0.0756180840547334 0.184411317571901 0.277392775062201 0.57605551136176 0.732314931792942 -0.0331228292546328 0.0965620959111208 0.280760717427831 0.170878523208077 0.52609484403532 0.226076859884921 -0.0361192144915906 0.524967726749417 0.122192586193225 0 0.353678302520215 0.201348592736637 0.526592906101756 0.0784171246311176 0.119191276227973 0.363535008486899 0.404243424534339 0.28240430636809 0.994535393542865 0.245652530519162 0.579664453547692
"58638" 0.437134028175358 0.590110028533907 0.138653651070945 0.107193657946561 0.145201330111531 0.714156232306059 0.244158838537507 0.857604132390065 -0.122187478264383 0.153457305376918 0.417083705832075 0.433207302483079 0.593852111928949 0.382906275573107 0.322505600288041 0.891189315165642 0.400025041299395 0.764907235158171 0.131412194233657 0.329498825163964 0.422871358820832 0.796542664239135 0.701519103288962 0.00149459489766127 0.284246917441259 0.204351870446152 0.789148585782146 -0.0300820731096176 0.761719956562639 0.778597770277227 0.48764821674243 0.66060692052018 0.344935502060482 0.353678302520215 0 -0.13446819608762 0.735923694518793 0.393301478636269 0.515613246634046 0.68782484364699 0.713434227680266 0.78194700985107 0.36599929281122 0.784054695207956 0.746755709444885
"58852" -0.379782228422148 -0.240347736862462 0.163742532256481 0.237948075605283 -0.256703623791742 0.4107659157164 0.199474042926195 0.0864360239749643 0.4803264143306 0.441404903559868 -0.142202603246577 -0.0560760322069329 0.107898157489125 -0.316832003247656 0.669946834688207 -0.207453307570418 0.0430130691833731 -0.108532300793024 0.596173945761228 -0.453249130415995 0.419839353397019 -0.432751026153963 0.31114997940555 0.55938974180948 0.107058813821048 0.613653325604808 0.0812244035093643 0.517905772890336 0.0892868012105712 -0.396774818093012 0.0416810328812874 0.183980388273615 0.415590688766988 0.201348592736637 -0.13446819608762 0 -0.199070335341989 0.344407945567549 0.171773194012717 -0.286882814324227 -0.149532672954601 -0.352733714367452 0.171060544665387 -0.40953542317621 -0.162509878695134
"59092" 0.379891051416105 0.31838033920212 -0.0146648757285321 0.0397488068021753 0.100274933532434 0.540224466485192 0.226718257219526 0.720637450326713 -0.410815345342116 -0.0113805978169096 0.256917747054691 0.507159019824449 0.476503030009568 0.302645597332221 0.329759483773593 0.625845079297653 0.358527551976747 0.836373391667047 0.0983679396740248 0.31491207184643 0.340897717638385 0.773506499833297 0.65463725564399 0.252547774883121 0.248825277612929 0.10872443888172 0.560494156067278 -0.189752197128408 0.70541937751948 0.727323151014284 0.308308773268802 0.742254907113971 0.244784002499276 0.526592906101756 0.735923694518793 -0.199070335341989 0 0.265964927802873 0.401465940337374 0.731903181093674 0.754886361391912 0.755353850084867 0.543450775016367 0.749434304485897 0.883488572371128
"59379" 0.24924942608675 0.229117746128992 0.0829008946724645 -0.0219791883956546 0.0185723632025237 0.453715870852754 -0.0841434642154342 0.279472657169202 0.437644333535019 0.791108114300832 0.0335159939133423 0.253951866279943 0.842761722249557 0.294253083054967 0.233256036746 0.372553626498122 0.42141971861902 0.441443850581562 0.133545192946377 -0.0241591690731566 0.867214078158569 0.406148807007526 0.249364712215698 -0.0803472503937568 0.483221391014183 0.845665967171502 0.491858409528365 0.662282810290809 0.208389570733424 0.481878305262497 0.832045558172052 0.562342170001668 0.825710057471224 0.0784171246311176 0.393301478636269 0.344407945567549 0.265964927802873 0 0.819169880553629 0.2963712031849 0.431669368186824 0.466144816079925 0.0578488485595798 0.452993130789906 0.254420267769677
"61971" 0.345997347214611 0.313556509002366 0.0645557158503686 -0.0438650848625998 0.0676668381050521 0.461200575073222 -0.0754489774238327 0.367941112158591 0.303762934533325 0.700838394698669 0.102139693728389 0.308251991230638 0.869471227850282 0.370770955917866 0.169536885738758 0.494727186333627 0.454324722593179 0.554850677599607 0.0545695456179615 0.085325499107318 0.819803474946883 0.566118607564536 0.289428796357638 -0.137745370015623 0.473766972305804 0.739606329067878 0.557778180307841 0.546903874578906 0.29221024279239 0.63404534247944 0.849201157865398 0.611310228707732 0.770400321652314 0.119191276227973 0.515613246634046 0.171773194012717 0.401465940337374 0.819169880553629 0 0.426991072165659 0.541112724575794 0.615432839935948 0.105997545795168 0.607619856283881 0.389626529427092
"62383" 0.41691882958812 0.360066131324909 -0.00839037178982822 -0.0124277400551565 0.139585997856083 0.423779884869562 0.120824411351339 0.598918006979596 -0.314743473556454 0.0586083991033986 0.259751273136862 0.420901678498996 0.507115328007482 0.355117954250983 0.142788998825462 0.626365409258025 0.361576133332194 0.739223180298378 -0.0261811172499574 0.336367938604307 0.330810851805441 0.768503126160039 0.479083484510222 0.0278897803976806 0.235560455729526 0.109118376697824 0.728355916181892 -0.113590397193059 0.742746331819809 0.7398391489641 0.395642580146131 0.624095757042658 0.255245958284545 0.363535008486899 0.68782484364699 -0.286882814324227 0.731903181093674 0.2963712031849 0.426991072165659 0 0.700112688698279 0.747503241815119 0.378772781955544 0.748073897270374 0.744379285075069
"63041" 0.409643538063215 0.352606054964323 0.00374929572667646 0.000153553307922264 0.109304097416007 0.519084227085752 0.126935343401163 0.638941889590775 -0.228235543809533 0.188850548749103 0.232802517913425 0.463270211310712 0.617015052392482 0.358132616146171 0.248058602532091 0.64106367872173 0.407831475989774 0.787231215892943 0.0537132710188714 0.283689820494567 0.480475398521555 0.769868984247302 0.54833625000311 0.101298150047847 0.314067611579715 0.27523855378857 0.594168193894244 0.00870935625978533 0.602169593355421 0.754957273415826 0.491046884007499 0.736975844141635 0.397514513110111 0.404243424534339 0.713434227680266 -0.149532672954601 0.754886361391912 0.431669368186824 0.541112724575794 0.700112688698279 0 0.766973410167417 0.414151135117085 0.758980063452064 0.771264716667607
"63223" 0.533465000138556 0.469825483233953 -0.0119673117134428 -0.0809347550167539 0.181329914060103 0.427411918273254 0.0186058849164061 0.603643630260286 -0.225905221175122 0.214580809568536 0.283519039556637 0.434343101539405 0.702962788170391 0.483144889588222 0.0224730303606881 0.746070049304111 0.464402668842604 0.800136070948299 -0.13665634833567 0.386152023611749 0.473927713314985 0.908693624716452 0.419179808614591 -0.173667750943194 0.324887798395606 0.228459226996768 0.62168947791202 0.0222341178833463 0.536568144633848 0.911181402988398 0.628381133534638 0.661028092124721 0.406499435163116 0.28240430636809 0.78194700985107 -0.352733714367452 0.755353850084867 0.466144816079925 0.615432839935948 0.747503241815119 0.766973410167417 0 0.295755461188322 0.906228390077441 0.751202335629629
"65388" -0.0578807033168131 -0.0802544532016506 -0.0499235672838567 0.0833301445533768 -0.166910163434067 0.42624486317732 0.255796872533969 0.492872043772398 -0.402458501337311 -0.123317780169803 0.0581646233026624 0.192494629649441 0.133443278758614 -0.102568776529564 0.493278563910592 0.217791158777929 0.306357614659287 0.492674447596117 0.266870092210736 -0.0605947757175429 0.163793637978576 0.294159633267067 0.579681994076334 0.725102157308459 -0.0436957156421375 0.0673663968910493 0.282509237163037 0.13699480341021 0.536863891732548 0.239329615418986 -0.048912324649994 0.527151051746121 0.100524012109834 0.994535393542865 0.36599929281122 0.171060544665387 0.543450775016367 0.0578488485595798 0.105997545795168 0.378772781955544 0.414151135117085 0.295755461188322 0 0.260072047812332 0.596648208699049
"65866" 0.554528594332884 0.49097993333998 -0.00598625219932848 -0.0896395499248743 0.2055351950215 0.394069584834876 0.000592677178060016 0.579569001450635 -0.225746492626412 0.208834894745861 0.302880830056008 0.414803662048444 0.701711430418023 0.503988535172077 -0.0412416397449495 0.762752741564806 0.459066549269917 0.786106621438046 -0.179093359213703 0.414402565153824 0.449571945646243 0.927198566091589 0.377352007792262 -0.242345500577377 0.312825330307329 0.196254635244503 0.616228137904136 0.0101715243067283 0.508315196688966 0.932085102831669 0.642534210492746 0.629388910323856 0.378998238762289 0.245652530519162 0.784054695207956 -0.40953542317621 0.749434304485897 0.452993130789906 0.607619856283881 0.748073897270374 0.758980063452064 0.906228390077441 0.260072047812332 0 0.728840019894056
"69128" 0.361703812639418 0.299280689563897 -0.0152217100552581 0.0574387500965815 0.0830166672353144 0.579389158062981 0.262646528895082 0.757186287668538 -0.435924568228413 -0.0298023930595459 0.259698909463311 0.532760658453431 0.4663261423212 0.280538786799301 0.397670921850188 0.619135845738242 0.363000284642372 0.861362261420587 0.146643646849873 0.300397442393166 0.345352443946007 0.767311261519633 0.710501776535337 0.330889017500477 0.241159144974983 0.117231276506083 0.570328339381649 -0.20751483654223 0.750670647914661 0.713809820999293 0.275819354161286 0.780383877305554 0.244096909182354 0.579664453547692 0.746755709444885 -0.162509878695134 0.883488572371128 0.254420267769677 0.389626529427092 0.744379285075069 0.771264716667607 0.751202335629629 0.596648208699049 0.728840019894056 0
