"127" "459" "2009" "2376" "3157" "3554" "4378" "5304" "5917" "6405" "6536" "7412" "47483" "48985" "51898" "52483" "52693" "53398" "54703" "54932" "55405" "55618" "55889" "56856" "57257" "57570" "58647" "58965" "60594" "61485" "61795" "65227" "65477" "66689" "66819" "66874" "68712" "69691"
"127" 0 0.505187604957939 0.345616953434283 0.373875542940963 0.74898774329509 0.678823939782821 0.272860606707891 0.372108233225214 0.88579696321439 0.667373068519397 0.711625344518101 0.0750544768145088 0.296842109250173 0.134355541716686 -0.180640686690771 0.38597066891844 0.470092280838208 0.120685391655161 -0.17257478434715 0.23915602317095 0.100295012297402 0.247149120819425 0.186416725656982 0.40675865289945 0.211578293284612 -0.0782559743969024 0.209818554911249 0.451613325437794 -0.0156132206865875 -0.219786252137434 0.0457751650706247 -0.0351336502826195 0.0913019453333421 0.00945592624087024 0.0650409372598075 -0.163616655933714 0.385624631165341 0.538907129825736
"459" 0.505187604957939 0 0.618422175130749 0.493736178078101 0.566122978156284 0.432729918989818 0.92722286259387 0.64016444094777 0.441178464468459 0.918710257100905 0.201116523513625 0.567956978785022 0.181898083467862 0.301007967333648 0.379506439036753 0.656039732781624 0.878865458793833 0.522699647853582 0.215054545780738 0.418154223176246 0.174420171850783 0.315574375581348 0.368226241038147 0.335671047071227 0.342609725136913 -0.0721268658509858 0.626173982648341 0.315510134437992 0.538787919511133 0.298377238807469 0.4068414851681 0.476162259572311 0.255882636326797 0.265141418491532 0.204515622794461 0.216783631344819 0.515119233244012 0.565420552232122
"2009" 0.345616953434283 0.618422175130749 0 0.542199638075811 0.50033766636804 0.136690168920137 0.572756138383017 0.683997353448406 0.47411092734268 0.525317303647402 0.559129178558884 0.807035318455154 0.308360127041985 0.713112181778153 0.410329276679934 0.298904804785484 0.701786691460923 0.789312788057744 0.385694354903164 0.54174332597811 0.561769963805211 0.742667842786478 0.457710371660373 0.770848612103051 0.724092216609225 0.246868773738873 0.669972047442715 0.37650549241384 0.74843604873492 0.392551828513034 0.727908074866127 0.74534157455797 0.64946567166174 0.609625044232843 0.596366494189382 0.391374604570759 0.589007832746528 0.613191232383901
"2376" 0.373875542940963 0.493736178078101 0.542199638075811 0 0.105256668893951 0.542140481808862 0.393030165648611 0.50736999054998 0.306043964650952 0.483786593406369 0.347631425686173 0.586155393707777 -0.0222585104223231 0.591914925383731 0.24388210239003 0.00938286204011506 0.57548624569935 0.637943591531531 0.331718083974909 0.464768381556424 0.592255211433752 0.513472411503936 0.204562130130778 0.447426825975481 0.500650711285293 0.359821885139442 0.14783420970279 -0.158744702177961 0.597622277007456 0.271858179404859 0.586875996284839 0.600299881044692 0.578697708496977 0.587187740073369 0.58596422815932 0.285150572220796 0.604631653201484 0.161576380147174
"3157" 0.74898774329509 0.566122978156284 0.50033766636804 0.105256668893951 0 0.167281213440463 0.444948615758831 0.459337204231997 0.828535140282985 0.619954755458756 0.680202346429824 0.223287245161951 0.523517427381807 0.134100713784537 0.00524958286047592 0.645786399201784 0.520743481264264 0.169917114541605 -0.120892079947894 0.242708142037569 -0.0333821104688244 0.316332678590957 0.361188877273896 0.541131360720099 0.298027694082711 -0.231222441893295 0.648773843811639 0.851883769033398 0.0768592621833269 -0.0736735853293968 0.0967458504399096 0.0476603511252058 0.0551387335937643 -0.0467236115935808 -0.0231068219461263 -0.0722350786767675 0.269394902280464 0.851054301221257
"3554" 0.678823939782821 0.432729918989818 0.136690168920137 0.542140481808862 0.167281213440463 0 0.272164908405109 0.0478042187665507 0.539034181841166 0.625005279993404 0.215146271362418 0.0161954421200315 -0.0696290026941703 -0.0131032286924644 -0.0964736284932502 0.154982834862345 0.29651386027867 0.0816997911191958 -0.101891802778846 -0.00705313370870186 0.0509877064226259 -0.0299644667500028 0.0228307032401622 -0.023278977423453 -0.0295394659705024 -0.0654526589500805 -0.0790205401684902 -0.0810666638435486 0.0296162153332552 -0.134821032850165 -0.0152690094904682 -0.0186487054410389 -0.00838484111613439 0.00286135381874003 0.0078645091490869 -0.131998933353625 0.19048375453228 -0.0729164896380717
"4378" 0.272860606707891 0.92722286259387 0.572756138383017 0.393030165648611 0.444948615758831 0.272164908405109 0 0.553689045512875 0.251833875323078 0.847514357312866 -0.015810480666491 0.581734853414738 0.142461093498744 0.224597334407886 0.475960874027416 0.680000969238855 0.817513937999601 0.498267945897467 0.252215972847985 0.328590391036391 0.0787040813487463 0.224961373217759 0.36668542907513 0.214887467860204 0.271197811384824 -0.138571052030375 0.692333802167669 0.289896001040686 0.565844826220217 0.382919979333099 0.374055243657369 0.491996858197633 0.182681183187818 0.218135209222309 0.129281682625761 0.261934327733068 0.382066659342393 0.48057236865978
"5304" 0.372108233225214 0.64016444094777 0.683997353448406 0.50736999054998 0.459337204231997 0.0478042187665507 0.553689045512875 0 0.267209101310311 0.502404305559979 0.501792890283544 0.706439181880294 0.173207723532998 0.749242734679853 0.320989728963776 0.235685372256685 0.852066671126927 0.736279104412004 0.411390280371048 0.817287253842959 0.670060954921481 0.725440374507166 0.320157919147809 0.708290072199102 0.699631021591447 0.416870670102075 0.376714160996825 0.10809631171448 0.684624875232202 0.359898241819364 0.721897862805833 0.717650931044618 0.710708187758587 0.678169918176413 0.688708072590747 0.386739688955838 0.889994817504668 0.678286120902162
"5917" 0.88579696321439 0.441178464468459 0.47411092734268 0.306043964650952 0.828535140282985 0.539034181841166 0.251833875323078 0.267209101310311 0 0.5965642154586 0.792873279049486 0.166122174925002 0.445012946256373 0.15289687902212 -0.107870780697048 0.430374843967435 0.362964854755513 0.166449667625323 -0.166925081452855 0.109949500330294 0.0477419555279374 0.314835034885097 0.300762464511139 0.523772882601818 0.284303968546445 -0.166477125371757 0.458610235177235 0.705976506044723 0.0373786991784141 -0.173259657351031 0.0802367017197908 0.00775451514528625 0.0864069611611066 -0.0148553486185736 0.0315082788398905 -0.135957827580942 0.201158542490699 0.597965409520159
"6405" 0.667373068519397 0.918710257100905 0.525317303647402 0.483786593406369 0.619954755458756 0.625005279993404 0.847514357312866 0.502404305559979 0.5965642154586 0 0.254636220233366 0.406434125390139 0.194818287973459 0.153165310014787 0.242525527559945 0.673419809636129 0.783954157625724 0.367455431487336 0.0693026492775649 0.280276014370253 0.0485709182251806 0.195434685082846 0.323555847958523 0.254051900145746 0.218805127885634 -0.180173429442132 0.553784405696798 0.369068243548408 0.361858089632421 0.147944131208046 0.234436845386454 0.289645313360411 0.109362657716943 0.108292260051844 0.0616075093489178 0.0793953978166483 0.404688413900305 0.517185322105408
"6536" 0.711625344518101 0.201116523513625 0.559129178558884 0.347631425686173 0.680202346429824 0.215146271362418 -0.015810480666491 0.501792890283544 0.792873279049486 0.254636220233366 0 0.336042143047629 0.412345209245972 0.554544352018546 -0.0939402307336927 0.0719776959058406 0.356128177112798 0.398607657192721 0.04388826847868 0.441457354680021 0.484947320998847 0.666868696205883 0.274510880994308 0.826292538083781 0.597706208210594 0.256000151866429 0.279347620112227 0.493935902144042 0.22752032970314 -0.0672176136969653 0.396820465173921 0.271328557347905 0.495686942485318 0.371013476271737 0.465020882177108 0.0483903886687378 0.508072136440394 0.648956103046331
"7412" 0.0750544768145088 0.567956978785022 0.807035318455154 0.586155393707777 0.223287245161951 0.0161954421200315 0.581734853414738 0.706439181880294 0.166122174925002 0.406434125390139 0.336042143047629 0 0.150789533740292 0.790566328807257 0.522989523400175 0.155973414705976 0.69876122396733 0.878597493288854 0.531915689104444 0.606029441669934 0.670038605114063 0.739906173502981 0.401392367864058 0.685102887091331 0.739080467550167 0.381738531268565 0.562929419977666 0.101148894380958 0.883226513970443 0.534163870528083 0.836132172212931 0.89017502487173 0.747580981565091 0.747129842239081 0.716423642872987 0.508820078445641 0.635886450482681 0.446033966031447
"47483" 0.296842109250173 0.181898083467862 0.308360127041985 -0.0222585104223231 0.523517427381807 -0.0696290026941703 0.142461093498744 0.173207723532998 0.445012946256373 0.194818287973459 0.412345209245972 0.150789533740292 0 0.100842815399281 0.387946667163268 0.539135248080374 0.162127139480325 0.105277802609861 0.318019391600736 0.0658056785857702 -0.0205343100120742 0.222211833077697 0.647635449138988 0.366142359984793 0.209029387562343 0.152291391050526 0.438439081014792 0.569101369984071 0.0529387895380491 0.0989368679498174 0.0746083972094136 0.042738490002751 0.0482745791531717 -0.0208560773535501 -0.00563537925397955 0.342836525565018 0.0364885165278278 0.469716203538419
"48985" 0.134355541716686 0.301007967333648 0.713112181778153 0.591914925383731 0.134100713784537 -0.0131032286924644 0.224597334407886 0.749242734679853 0.15289687902212 0.153165310014787 0.554544352018546 0.790566328807257 0.100842815399281 0 0.335171901517828 -0.165309482176585 0.57887617354775 0.865347086207709 0.528479765877793 0.749884924223923 0.903498105538073 0.878720163024871 0.287868139505545 0.813663513078197 0.838515605575023 0.649045806579742 0.237636335091356 -0.0849517934657619 0.800398574319652 0.418445249293493 0.886631834000506 0.863499209891071 0.920027061718861 0.888239220392484 0.917722574081761 0.486914346060536 0.80388722228604 0.40001470540553
"51898" -0.180640686690771 0.379506439036753 0.410329276679934 0.24388210239003 0.00524958286047592 -0.0964736284932502 0.475960874027416 0.320989728963776 -0.107870780697048 0.242525527559945 -0.0939402307336927 0.522989523400175 0.387946667163268 0.335171901517828 0 0.512362445195784 0.390727477772176 0.480133335182443 0.867357469429234 0.245596612825902 0.245321630538295 0.283741450460914 0.811892232648186 0.213273730032107 0.313064075467348 0.506624079945583 0.409884698850338 0.0154242105747896 0.543577918886105 0.576016460175563 0.437829093713084 0.524078521000273 0.316259044833932 0.35418000336629 0.289272695603277 0.843129377103629 0.229177673968555 0.15731073521878
"52483" 0.38597066891844 0.656039732781624 0.298904804785484 0.00938286204011506 0.645786399201784 0.154982834862345 0.680000969238855 0.235685372256685 0.430374843967435 0.673419809636129 0.0719776959058406 0.155973414705976 0.539135248080374 -0.165309482176585 0.512362445195784 0 0.470779333496976 0.0471305461637471 0.246143367885961 0.00431347362149599 -0.32404621284865 -0.0518758475551628 0.660092393010431 0.0726700407741386 -0.01586278751245 -0.179851833318242 0.648057518653739 0.620003744846407 0.0721574964223795 0.162383892995333 -0.0665424362511138 -0.00733078591971223 -0.218426747676102 -0.231743277801896 -0.291490900805984 0.283212977648151 0.0100416926760478 0.527737314580169
"52693" 0.470092280838208 0.878865458793833 0.701786691460923 0.57548624569935 0.520743481264264 0.29651386027867 0.817513937999601 0.852066671126927 0.362964854755513 0.783954157625724 0.356128177112798 0.69876122396733 0.162127139480325 0.57887617354775 0.390727477772176 0.470779333496976 0 0.696527823519505 0.355123650001956 0.679531705942985 0.47738452776722 0.560983117310442 0.363826815300826 0.548709609157096 0.56402137886851 0.20406126546545 0.520595319958504 0.179211620394395 0.683451224180616 0.368131546060575 0.62238981427574 0.665207579486038 0.538697152933022 0.53166175962978 0.504551382304961 0.339401133683988 0.7790189072681 0.639825627651265
"53398" 0.120685391655161 0.522699647853582 0.789312788057744 0.637943591531531 0.169917114541605 0.0816997911191958 0.498267945897467 0.736279104412004 0.166449667625323 0.367455431487336 0.398607657192721 0.878597493288854 0.105277802609861 0.865347086207709 0.480133335182443 0.0471305461637471 0.696527823519505 0 0.5802436003396 0.672196919080257 0.779325844368568 0.79696510712415 0.362659665428549 0.723630696977778 0.782401777852216 0.489337844988433 0.439550782792401 -0.00952657583426156 0.901859916754319 0.512926524983895 0.88088452715449 0.913880480932627 0.831645204421609 0.83230258337363 0.810308463325932 0.516222918267967 0.726581318882759 0.402321311219022
"54703" -0.17257478434715 0.215054545780738 0.385694354903164 0.331718083974909 -0.120892079947894 -0.101891802778846 0.252215972847985 0.411390280371048 -0.166925081452855 0.0693026492775649 0.04388826847868 0.531915689104444 0.318019391600736 0.528479765877793 0.867357469429234 0.246143367885961 0.355123650001956 0.5802436003396 0 0.413309412172884 0.501515539369602 0.437728977766882 0.745346448247994 0.330252442148758 0.436932822683109 0.777597538238468 0.15751377012641 -0.204606018399133 0.579493239883862 0.55579295823938 0.55780527030513 0.600012822482981 0.525474684751692 0.549522749711846 0.526402825842262 0.89570033459622 0.423087068651882 0.100103049347937
"54932" 0.23915602317095 0.418154223176246 0.54174332597811 0.464768381556424 0.242708142037569 -0.00705313370870186 0.328590391036391 0.817287253842959 0.109949500330294 0.280276014370253 0.441457354680021 0.606029441669934 0.0658056785857702 0.749884924223923 0.245596612825902 0.00431347362149599 0.679531705942985 0.672196919080257 0.413309412172884 0 0.725339943077234 0.69251648893259 0.209362592863648 0.637117186781141 0.656182425498637 0.52557687597609 0.148498980527873 -0.0953860380017912 0.618316207563464 0.318031408000281 0.694386857290286 0.671264700108961 0.731196365255556 0.705104030274918 0.732695107074056 0.380453501312999 0.854629163608458 0.489232766144839
"55405" 0.100295012297402 0.174420171850783 0.561769963805211 0.592255211433752 -0.0333821104688244 0.0509877064226259 0.0787040813487463 0.670060954921481 0.0477419555279374 0.0485709182251806 0.484947320998847 0.670038605114063 -0.0205343100120742 0.903498105538073 0.245321630538295 -0.32404621284865 0.47738452776722 0.779325844368568 0.501515539369602 0.725339943077234 0 0.800633444731355 0.17080145986369 0.699870134930516 0.753639808834868 0.71014874197864 0.00313425187532148 -0.293086344129539 0.709233434431608 0.354762891580005 0.821479036744643 0.78456280663174 0.89829391977221 0.876896265940681 0.919643501372263 0.446477999863311 0.800712923743726 0.227968153261256
"55618" 0.247149120819425 0.315574375581348 0.742667842786478 0.513472411503936 0.316332678590957 -0.0299644667500028 0.224961373217759 0.725440374507166 0.314835034885097 0.195434685082846 0.666868696205883 0.739906173502981 0.222211833077697 0.878720163024871 0.283741450460914 -0.0518758475551628 0.560983117310442 0.79696510712415 0.437728977766882 0.69251648893259 0.800633444731355 0 0.330624542760187 0.864191002872427 0.819930661621645 0.531003557749139 0.350675674425853 0.132527472048717 0.711859232640457 0.3444694066711 0.806062687742934 0.765927832644286 0.835302334109259 0.778206418062685 0.816064640186089 0.413135706372581 0.73088979347626 0.528410250307944
"55889" 0.186416725656982 0.368226241038147 0.457710371660373 0.204562130130778 0.361188877273896 0.0228307032401622 0.36668542907513 0.320157919147809 0.300762464511139 0.323555847958523 0.274510880994308 0.401392367864058 0.647635449138988 0.287868139505545 0.811892232648186 0.660092393010431 0.363826815300826 0.362659665428549 0.745346448247994 0.209362592863648 0.17080145986369 0.330624542760187 0 0.383317132740593 0.335734943725825 0.455207937452795 0.482111675815888 0.352059379329976 0.352978700710559 0.387603979470424 0.319881599994645 0.334667352218288 0.243612572850698 0.215951150399927 0.197379726502213 0.745004499519008 0.211466448729071 0.389748765504848
"56856" 0.40675865289945 0.335671047071227 0.770848612103051 0.447426825975481 0.541131360720099 -0.023278977423453 0.214887467860204 0.708290072199102 0.523772882601818 0.254051900145746 0.826292538083781 0.685102887091331 0.366142359984793 0.813663513078197 0.213273730032107 0.0726700407741386 0.548709609157096 0.723630696977778 0.330252442148758 0.637117186781141 0.699870134930516 0.864191002872427 0.383317132740593 0 0.811627255424106 0.412839019354277 0.471839702104314 0.384379309104779 0.609774450219466 0.250619247485944 0.719802597269452 0.656808510227419 0.751873339344436 0.66101196014282 0.713895917048158 0.323335296687497 0.664979884667495 0.686507136925896
"57257" 0.211578293284612 0.342609725136913 0.724092216609225 0.500650711285293 0.298027694082711 -0.0295394659705024 0.271197811384824 0.699631021591447 0.284303968546445 0.218805127885634 0.597706208210594 0.739080467550167 0.209029387562343 0.838515605575023 0.313064075467348 -0.01586278751245 0.56402137886851 0.782401777852216 0.436932822683109 0.656182425498637 0.753639808834868 0.819930661621645 0.335734943725825 0.811627255424106 0 0.489030276914139 0.377501543715994 0.130904753735815 0.713956595486868 0.364306174870102 0.784944219516863 0.760068197888305 0.795634298582225 0.74724860401614 0.773898672563847 0.413929903459181 0.69169441120346 0.503528796612115
"57570" -0.0782559743969024 -0.0721268658509858 0.246868773738873 0.359821885139442 -0.231222441893295 -0.0654526589500805 -0.138571052030375 0.416870670102075 -0.166477125371757 -0.180173429442132 0.256000151866429 0.381738531268565 0.152291391050526 0.649045806579742 0.506624079945583 -0.179851833318242 0.20406126546545 0.489337844988433 0.777597538238468 0.52557687597609 0.71014874197864 0.531003557749139 0.455207937452795 0.412839019354277 0.489030276914139 0 -0.232581211228852 -0.427258828031301 0.44108861017405 0.356877067085355 0.561183990033695 0.52285617873187 0.659603568756044 0.656059842734151 0.700280298176309 0.709422091879444 0.572330938783609 0.00897021671628012
"58647" 0.209818554911249 0.626173982648341 0.669972047442715 0.14783420970279 0.648773843811639 -0.0790205401684902 0.692333802167669 0.376714160996825 0.458610235177235 0.553784405696798 0.279347620112227 0.562929419977666 0.438439081014792 0.237636335091356 0.409884698850338 0.648057518653739 0.520595319958504 0.439550782792401 0.15751377012641 0.148498980527873 0.00313425187532148 0.350675674425853 0.482111675815888 0.471839702104314 0.377501543715994 -0.232581211228852 0 0.752693978785797 0.463344644019255 0.30386534943128 0.335513184338288 0.403084519862615 0.158461408307327 0.123279885153268 0.0625159544823249 0.208047741593062 0.0996125020237792 0.650913185483879
"58965" 0.451613325437794 0.315510134437992 0.37650549241384 -0.158744702177961 0.851883769033398 -0.0810666638435486 0.289896001040686 0.10809631171448 0.705976506044723 0.369068243548408 0.493935902144042 0.101148894380958 0.569101369984071 -0.0849517934657619 0.0154242105747896 0.620003744846407 0.179211620394395 -0.00952657583426156 -0.204606018399133 -0.0953860380017912 -0.293086344129539 0.132527472048717 0.352059379329976 0.384379309104779 0.130904753735815 -0.427258828031301 0.752693978785797 0 -0.0621118174581355 -0.0941933205203786 -0.0845287314093235 -0.109928100216934 -0.168839252414408 -0.265417870683886 -0.265042867924632 -0.130478363314257 -0.156733223308771 0.689995168826836
"60594" -0.0156132206865875 0.538787919511133 0.74843604873492 0.597622277007456 0.0768592621833269 0.0296162153332552 0.565844826220217 0.684624875232202 0.0373786991784141 0.361858089632421 0.22752032970314 0.883226513970443 0.0529387895380491 0.800398574319652 0.543577918886105 0.0721574964223795 0.683451224180616 0.901859916754319 0.579493239883862 0.618316207563464 0.709233434431608 0.711859232640457 0.352978700710559 0.609774450219466 0.713956595486868 0.44108861017405 0.463344644019255 -0.0621118174581355 0 0.567378437587656 0.855791434823257 0.921359865816641 0.771025402333451 0.79433396581694 0.751596733067709 0.540933506493604 0.656878068350373 0.326463369617928
"61485" -0.219786252137434 0.298377238807469 0.392551828513034 0.271858179404859 -0.0736735853293968 -0.134821032850165 0.382919979333099 0.359898241819364 -0.173259657351031 0.147944131208046 -0.0672176136969653 0.534163870528083 0.0989368679498174 0.418445249293493 0.576016460175563 0.162383892995333 0.368131546060575 0.512926524983895 0.55579295823938 0.318031408000281 0.354762891580005 0.3444694066711 0.387603979470424 0.250619247485944 0.364306174870102 0.356877067085355 0.30386534943128 -0.0941933205203786 0.567378437587656 0 0.495648086710423 0.567710268830149 0.406282628926078 0.44400835591963 0.391922904356813 0.533568652149414 0.306455426984952 0.119443908798395
"61795" 0.0457751650706247 0.4068414851681 0.727908074866127 0.586875996284839 0.0967458504399096 -0.0152690094904682 0.374055243657369 0.721897862805833 0.0802367017197908 0.234436845386454 0.396820465173921 0.836132172212931 0.0746083972094136 0.886631834000506 0.437829093713084 -0.0665424362511138 0.62238981427574 0.88088452715449 0.55780527030513 0.694386857290286 0.821479036744643 0.806062687742934 0.319881599994645 0.719802597269452 0.784944219516863 0.561183990033695 0.335513184338288 -0.0845287314093235 0.855791434823257 0.495648086710423 0 0.896523033025186 0.858807168545624 0.851804614382059 0.849794623815539 0.518619815451993 0.737430947301505 0.362445146529054
"65227" -0.0351336502826195 0.476162259572311 0.74534157455797 0.600299881044692 0.0476603511252058 -0.0186487054410389 0.491996858197633 0.717650931044618 0.00775451514528625 0.289645313360411 0.271328557347905 0.89017502487173 0.042738490002751 0.863499209891071 0.524078521000273 -0.00733078591971223 0.665207579486038 0.913880480932627 0.600012822482981 0.671264700108961 0.78456280663174 0.765927832644286 0.334667352218288 0.656808510227419 0.760068197888305 0.52285617873187 0.403084519862615 -0.109928100216934 0.921359865816641 0.567710268830149 0.896523033025186 0 0.836494971795053 0.853522237855533 0.822263244389472 0.560420584097513 0.707451572242358 0.327169245298051
"65477" 0.0913019453333421 0.255882636326797 0.64946567166174 0.578697708496977 0.0551387335937643 -0.00838484111613439 0.182681183187818 0.710708187758587 0.0864069611611066 0.109362657716943 0.495686942485318 0.747580981565091 0.0482745791531717 0.920027061718861 0.316259044833932 -0.218426747676102 0.538697152933022 0.831645204421609 0.525474684751692 0.731196365255556 0.89829391977221 0.835302334109259 0.243612572850698 0.751873339344436 0.795634298582225 0.659603568756044 0.158461408307327 -0.168839252414408 0.771025402333451 0.406282628926078 0.858807168545624 0.836494971795053 0 0.877569594560683 0.907803159664154 0.4781748418179 0.787283348108643 0.324254050576011
"66689" 0.00945592624087024 0.265141418491532 0.609625044232843 0.587187740073369 -0.0467236115935808 0.00286135381874003 0.218135209222309 0.678169918176413 -0.0148553486185736 0.108292260051844 0.371013476271737 0.747129842239081 -0.0208560773535501 0.888239220392484 0.35418000336629 -0.231743277801896 0.53166175962978 0.83230258337363 0.549522749711846 0.705104030274918 0.876896265940681 0.778206418062685 0.215951150399927 0.66101196014282 0.74724860401614 0.656059842734151 0.123279885153268 -0.265417870683886 0.79433396581694 0.44400835591963 0.851804614382059 0.853522237855533 0.877569594560683 0 0.890295412673876 0.496696383012874 0.762778756004273 0.234576033922484
"66819" 0.0650409372598075 0.204515622794461 0.596366494189382 0.58596422815932 -0.0231068219461263 0.0078645091490869 0.129281682625761 0.688708072590747 0.0315082788398905 0.0616075093489178 0.465020882177108 0.716423642872987 -0.00563537925397955 0.917722574081761 0.289272695603277 -0.291490900805984 0.504551382304961 0.810308463325932 0.526402825842262 0.732695107074056 0.919643501372263 0.816064640186089 0.197379726502213 0.713895917048158 0.773898672563847 0.700280298176309 0.0625159544823249 -0.265042867924632 0.751596733067709 0.391922904356813 0.849794623815539 0.822263244389472 0.907803159664154 0.890295412673876 0 0.4727859713134 0.796854068497122 0.254730777105996
"66874" -0.163616655933714 0.216783631344819 0.391374604570759 0.285150572220796 -0.0722350786767675 -0.131998933353625 0.261934327733068 0.386739688955838 -0.135957827580942 0.0793953978166483 0.0483903886687378 0.508820078445641 0.342836525565018 0.486914346060536 0.843129377103629 0.283212977648151 0.339401133683988 0.516222918267967 0.89570033459622 0.380453501312999 0.446477999863311 0.413135706372581 0.745004499519008 0.323335296687497 0.413929903459181 0.709422091879444 0.208047741593062 -0.130478363314257 0.540933506493604 0.533568652149414 0.518619815451993 0.560420584097513 0.4781748418179 0.496696383012874 0.4727859713134 0 0.375129207520328 0.134890425978246
"68712" 0.385624631165341 0.515119233244012 0.589007832746528 0.604631653201484 0.269394902280464 0.19048375453228 0.382066659342393 0.889994817504668 0.201158542490699 0.404688413900305 0.508072136440394 0.635886450482681 0.0364885165278278 0.80388722228604 0.229177673968555 0.0100416926760478 0.7790189072681 0.726581318882759 0.423087068651882 0.854629163608458 0.800712923743726 0.73088979347626 0.211466448729071 0.664979884667495 0.69169441120346 0.572330938783609 0.0996125020237792 -0.156733223308771 0.656878068350373 0.306455426984952 0.737430947301505 0.707451572242358 0.787283348108643 0.762778756004273 0.796854068497122 0.375129207520328 0 0.491009305375543
"69691" 0.538907129825736 0.565420552232122 0.613191232383901 0.161576380147174 0.851054301221257 -0.0729164896380717 0.48057236865978 0.678286120902162 0.597965409520159 0.517185322105408 0.648956103046331 0.446033966031447 0.469716203538419 0.40001470540553 0.15731073521878 0.527737314580169 0.639825627651265 0.402321311219022 0.100103049347937 0.489232766144839 0.227968153261256 0.528410250307944 0.389748765504848 0.686507136925896 0.503528796612115 0.00897021671628012 0.650913185483879 0.689995168826836 0.326463369617928 0.119443908798395 0.362445146529054 0.327169245298051 0.324254050576011 0.234576033922484 0.254730777105996 0.134890425978246 0.491009305375543 0
