"1565" "1587" "1655" "2480" "3112" "3124" "3149" "4782" "4794" "5098" "5420" "5582" "5645" "6243" "6303" "6312" "6315" "6376" "6383" "6515" "6891" "9424" "15578" "36403" "48425" "49169" "49666" "50185" "50288" "50422" "50672" "53562" "54111" "54945" "55398" "56135" "56541" "57062" "57742" "58369" "58487" "58991" "60319" "60571" "60621" "62020" "62765" "63049" "63098" "63620" "63884" "65025" "66195" "67706" "68091" "69186"
"1565" 0 0.20185097756175 0.38847315767634 -0.0971307239882705 -0.227515557342468 0.152490996508006 0.0329373254142433 0.280397799199522 0.0157424770849009 0.116375288739393 0.073884601618762 0.696587146455856 0.513988282039089 -0.055605151689576 0.32398891747834 -0.00383078808234485 0.234156155538611 -0.0449819219223644 -0.0127481930400032 0.0962756351691505 0.673169539218074 0.201834179967231 0.631191866428295 0.277772726187367 -0.084241228513252 0.960753788906838 -0.164118908371486 -0.0801390222016925 -0.317886153613065 0.861305835186089 -0.047903263338794 -0.156864106689338 0.23298410236185 -0.0712784041030667 -0.256950081551488 -0.080018211831689 -0.110343990216202 -0.0727138225902333 0.39686528606571 0.244961589214891 0.559110035050629 -0.28789150463458 -0.352623998959369 0.0371731330945249 -0.184367787082336 -0.0624864186959698 -0.146585024899654 0.434639834208195 0.25503926294882 -0.217403865621624 -0.0893994603956731 0.247533513475699 -0.0548150380492158 0.41248099706736 -0.0624268275395716 -0.189747217489637
"1587" 0.20185097756175 0 0.775352738222522 0.289962234410537 -0.010740167372106 0.618901763001068 0.790684012764295 0.0099379512823899 0.0800074915616471 0.0685868752062383 0.110871489942863 0.121496914557874 -0.0842346321135152 -0.0119696979376267 0.156582655762136 0.0159930974997579 0.423238248679721 0.04115823078422 -0.079005288506645 0.0748421238572367 0.0650357322962624 -0.0590752061591928 -0.0707396499941289 0.0646294391273492 0.0558085763126606 0.027664008535112 0.00639217301358757 0.0809818284297946 0.00341064171595252 0.0670729327438567 0.0972834920268323 0.150288562949639 0.250281074127621 0.187142007874777 0.0724407699940208 0.113226529649783 -8.74920053654443e-05 0.0761895069992063 0.00608245962039384 0.0767048461779211 0.00687050429295782 -0.0332978023537166 -0.0325164651104472 0.0672734493559877 0.0608457478624542 -0.130578648174029 -0.17954068686202 -0.0990893102869536 0.0379607876151695 -0.0422067091687095 0.0904752287948122 -0.0429919410226411 0.103958031366933 0.0546209191246398 -0.0351585810242922 -0.0480372684561703
"1655" 0.38847315767634 0.775352738222522 0 0.443073826120714 0.0659561155895338 0.540350941432127 0.606648145188989 0.334267576656394 0.323707264094509 0.351772135687447 0.324813053798314 0.576378220226174 0.0822116762227847 0.127686611493414 0.39733335626952 0.161464327591037 0.439710490481304 0.131857303192884 0.0904712926779444 0.355250082312258 0.320932962095215 0.0766791314303767 0.0457700089149961 0.380026936789066 0.199614272928809 0.296559537777367 0.0635619626157995 0.15781180639514 0.0884281922701401 0.291362881749892 0.336089058977552 0.362428161661553 0.621046452999942 0.419846388163698 0.297483828010393 0.337692788586958 0.0798520077453619 0.236694706490916 0.373850061826785 0.310241976663164 0.356868558932512 0.0628393010219704 0.077147706529722 0.365335716074372 0.310641450856668 0.0663246874875516 -0.168382200624581 0.0913192248315347 0.372491007132698 0.0729073878281334 0.322983772626531 0.322561987674233 0.391761558870935 0.36178402108045 0.0885491613800069 0.073164221533187
"2480" -0.0971307239882705 0.289962234410537 0.443073826120714 0 0.26660840299268 0.227248258436096 0.244036590180821 0.413818991427265 0.536941613531094 0.527395486305506 0.49954861914713 0.297414898189598 0.0034246943170939 0.206615562360282 0.451064772530057 0.187728585334298 0.0970649464003704 0.243972347729057 0.305269525117157 0.529426976772295 0.284973299843455 0.148664454215305 -0.0914584912317999 0.54995386745968 0.391285773031281 -0.0845440372663562 0.312434138185595 0.266601633940842 0.347921381745344 0.0733924879038023 0.609650371610356 0.631770858775464 0.486439333259948 0.653536665618429 0.635213446647733 0.60814543278854 0.250760189022175 0.426366338617286 0.470526978380237 0.452797642147801 0.398233607195649 0.329336146067679 0.3892903217786 0.625820671867165 0.626670131471429 0.0319855546957623 0.00659114789572391 0.107508829597999 0.55401754539834 0.348811793427367 0.569989926834666 0.208671811579567 0.598908352217011 0.472901948297491 0.285138985882425 0.405619973727841
"3112" -0.227515557342468 -0.010740167372106 0.0659561155895338 0.26660840299268 0 0.183026874893403 0.167865230297582 0.105677518048605 0.301383409523314 0.253519382339842 0.288410487506968 0.0540670649427432 0.14759095127449 0.23009170574391 0.195564167862369 0.165371250854739 -0.119280334937231 0.153647531247001 0.58308617480981 0.250088797010413 0.095869184027161 0.356905931457358 0.0752519303753893 0.279285549857121 0.254976019828005 -0.198818712075741 0.371608023599097 0.168026787134517 0.193299644113292 -0.114991016892912 0.37611253413731 0.395192215528327 0.256772891225428 0.376868990900653 0.414022097703952 0.390757366103887 0.454572859757455 0.262823133962022 0.149244531724639 0.258029518431317 0.119196526258158 0.535582614632956 0.626692807664773 0.35674340015304 0.379039324313049 0.231184560098774 0.321030724630239 -0.0842586957320319 0.266803253429717 0.183878351730769 0.343215107904804 0.0373575103740755 0.272742595748452 0.222780165727151 0.540031054428089 0.566949637859017
"3124" 0.152490996508006 0.618901763001068 0.540350941432127 0.227248258436096 0.183026874893403 0 0.84145666717521 0.127309618621178 0.0755189834047456 0.0994511227442656 0.0735220591618241 0.124995588943661 0.195740727553298 0.24176935095119 0.127761278456852 0.270051082634814 0.480624071844344 0.0261854272805232 0.281159227735096 0.109774943391282 0.0410273869154451 0.213259447670925 0.123503477167861 0.0700292089350946 0.0302637845167192 0.0551003679794551 0.164063938481545 0.0486371278915547 -0.109291448670117 0.0951583256041679 0.0582844712919 0.094407406946621 0.156127774203936 0.133918509500187 0.0535513057502878 0.0590081023809881 0.20866370363992 0.0526200073637165 0.106465329877937 0.0396395414424641 0.0732468545251699 0.208397018976833 0.24658982186683 0.0685369730544406 0.0660108445210001 0.0468756802796861 0.0341912924220086 -0.151554378139383 0.0741057617607636 -0.168956998138483 0.0720634869400838 -0.136866598791932 0.160638013870702 0.0567454885080374 0.250445799265063 0.237858198533601
"3149" 0.0329373254142433 0.790684012764295 0.606648145188989 0.244036590180821 0.167865230297582 0.84145666717521 0 -0.0505035117389995 0.0454637635873902 0.020228528501062 0.0651996906632438 0.0037964714527418 0.0104621209929869 0.116913491076101 0.0682911446210133 0.122669569585735 0.375946376012915 0.0330318781857565 0.181681257265213 0.0299113441119883 -0.0583024720486364 0.105952695583605 -0.0214604411461028 -0.00751027475208351 0.0460047972673799 -0.112022807114029 0.159012166219555 0.0718513797860672 -0.0267750774869884 -0.0765080942683231 0.0682888049997191 0.127987685212731 0.17872090360686 0.146531015449618 0.0776118002257009 0.0859537284287366 0.187630450221812 0.0605218854628068 -0.0728372006427146 0.0112521080587681 -0.0954159581461521 0.193359352661712 0.231981843798144 0.0276522128172014 0.0517189920104325 0.0203946031042205 0.0204093495928664 -0.233303318716841 -0.0279820675977818 -0.0954896423089112 0.0699618136988275 -0.138711071980522 0.0756717767312048 -0.0359457869730319 0.195545108170395 0.195407381362665
"4782" 0.280397799199522 0.0099379512823899 0.334267576656394 0.413818991427265 0.105677518048605 0.127309618621178 -0.0505035117389995 0 0.73678207614342 0.888932001099482 0.651441671630501 0.541730743312602 0.319780036995991 0.35357517306866 0.767802873715137 0.410928656388209 0.387302794013328 0.27219016690461 0.246948297522222 0.848951509939886 0.467545085904678 0.212375620581745 0.336889687114703 0.597974462564735 0.250751253010137 0.365548832057584 0.0659774392606911 0.149885363878963 0.0911726528152603 0.498241150533347 0.425885208527 0.402907191491668 0.350061061876139 0.475701139433024 0.406109100049091 0.390408499032604 0.0911974678699099 0.299637844846875 0.778436953664898 0.410620011006148 0.703111492059171 0.115481873616113 0.13432395594163 0.559424558606526 0.490359257430887 -0.0279219748845511 -0.117751728460079 0.318849790223686 0.65933624189239 0.115821544134745 0.429082963004144 0.200720440071835 0.656177777204292 0.579042033189135 0.155522408310428 0.154249072135537
"4794" 0.0157424770849009 0.0800074915616471 0.323707264094509 0.536941613531094 0.301383409523314 0.0755189834047456 0.0454637635873902 0.73678207614342 0 0.929242420502015 0.90420930474382 0.442028136378351 0.123999725746021 0.167359311178601 0.8687380455583 0.119189770697101 -0.1208886381654 0.407835654626388 0.43150252040708 0.900317254931729 0.518247020662247 0.266700444317782 0.251010283717375 0.727735767001446 0.470225127588413 0.0697135338719416 0.26445751520777 0.298702563160489 0.396281262147718 0.232911761464145 0.738048047866425 0.73108615876805 0.57643639339859 0.745088922305509 0.724882994458763 0.74032395830588 0.325769461957049 0.501252719595394 0.596857746558826 0.629734132175108 0.579706935564032 0.384415433758153 0.451425539043975 0.768428130376328 0.711249551593429 0.0644974599788266 0.0923459515586127 0.271724819188868 0.722312363610735 0.455367332184096 0.666552571865276 0.330760261565648 0.622606307125597 0.673602990273718 0.391684794594794 0.410218606839028
"5098" 0.116375288739393 0.0685868752062383 0.351772135687447 0.527395486305506 0.253519382339842 0.0994511227442656 0.020228528501062 0.888932001099482 0.929242420502015 0 0.876865309704756 0.506151787629202 0.200727079649344 0.232920846700631 0.896083240918793 0.215595359715472 0.0339573047615823 0.388900176072859 0.397230218127028 0.939847779348401 0.542593867889815 0.270421045604852 0.300659095315928 0.733290585062862 0.427201059278518 0.182270698535494 0.214911874447539 0.268043499140418 0.318304656946753 0.345032842674163 0.68113161378558 0.666844895971986 0.540922418080746 0.702578664178966 0.660826311756774 0.671507824159907 0.269511566847452 0.465696436680779 0.693353582834161 0.601898248472914 0.660797252744308 0.317364895607634 0.371348975709986 0.74610433258986 0.679150414601635 0.0365121192316889 0.0307917221048255 0.309777458163208 0.745441503935215 0.370022376253885 0.62882581422842 0.312362071058254 0.666586269381044 0.688794384195447 0.339442201557688 0.350485557056119
"5420" 0.073884601618762 0.110871489942863 0.324813053798314 0.49954861914713 0.288410487506968 0.0735220591618241 0.0651996906632438 0.651441671630501 0.90420930474382 0.876865309704756 0 0.450688188107081 0.132871287720194 0.0995399817264848 0.864866939719592 0.0377701262571926 -0.200337922020894 0.400177285584273 0.428956171917183 0.852108591943778 0.564069926199477 0.280454144812428 0.299284445312095 0.72580302956374 0.464753577602982 0.111150434212319 0.26399851652388 0.293811733849638 0.388035218993004 0.259750234887088 0.733940606439867 0.711033461580347 0.585515506549808 0.726463307256954 0.693985122448786 0.743577824406983 0.334880092054829 0.489929175101613 0.546918226578447 0.651424683076659 0.568593368810681 0.380936406941414 0.43526418730241 0.746682146048201 0.669535066121131 0.060374622328309 0.120305579559579 0.291439759947062 0.691616976697398 0.464054914493743 0.64522781614017 0.346845459530561 0.545848660763383 0.684948651612544 0.40107335355759 0.405885682730764
"5582" 0.696587146455856 0.121496914557874 0.576378220226174 0.297414898189598 0.0540670649427432 0.124995588943661 0.0037964714527418 0.541730743312602 0.442028136378351 0.506151787629202 0.450688188107081 0 0.419215879788946 0.118887716284694 0.584010803126954 0.130116886129244 0.113307107442788 0.15975544664907 0.276786237508389 0.490489895268859 0.748031325703891 0.300245905241367 0.434324194785726 0.658137259384991 0.250787874636711 0.737153233214047 0.062832528339528 0.140648352622102 0.0518480700156182 0.703833064966809 0.446410177946119 0.375305960251979 0.679355826480087 0.441612233642904 0.317216360000413 0.422704627830888 0.13204265368398 0.281731810704096 0.685614158196183 0.553314945291023 0.758576696074031 0.0658894781645486 0.0718339889001972 0.536082505107673 0.365566324770174 0.14945824640262 -0.0465130607413862 0.45575168842066 0.645527405960287 0.147504606925338 0.38425370575989 0.555893879881524 0.416185265243964 0.701092886549412 0.212314276085118 0.149968400726891
"5645" 0.513988282039089 -0.0842346321135152 0.0822116762227847 0.0034246943170939 0.14759095127449 0.195740727553298 0.0104621209929869 0.319780036995991 0.123999725746021 0.200727079649344 0.132871287720194 0.419215879788946 0 0.240436918085581 0.274019562906103 0.253778873391211 0.180955038204289 0.0177980537477528 0.469115336715661 0.189067005725858 0.466178479186462 0.464048301495746 0.616113493479176 0.29500606271842 0.0217982553976447 0.550180793937039 0.144471416405064 -0.011392048953552 -0.223647454627526 0.554286068049419 0.0821349863119434 0.00856109402912784 0.115664514343295 0.0621014759364487 -0.0276093555494439 0.0554154987466536 0.247693789546651 0.0352622609082772 0.39835846712763 0.23291288089555 0.468216251040801 0.18119022482549 0.205633281373147 0.162702422208077 0.0307168293895799 0.225391166744371 0.168303630514324 0.213685854670872 0.298612646616439 -0.166508488891847 0.0590159004543941 0.0249700109670996 0.116807674174321 0.362192601216198 0.366420723271127 0.292065441264438
"6243" -0.055605151689576 -0.0119696979376267 0.127686611493414 0.206615562360282 0.23009170574391 0.24176935095119 0.116913491076101 0.35357517306866 0.167359311178601 0.232920846700631 0.0995399817264848 0.118887716284694 0.240436918085581 0 0.12479303755616 0.62290100492609 0.409694853747052 0.0528620118207001 0.352755121160629 0.247165206916173 -0.00042737077944288 0.237317199990443 0.0739023913589338 0.158023512554306 0.0740448202928398 -0.00570462257645834 0.173538895871753 0.0510156844106679 -0.0376463038069013 0.0632807787575562 0.116725672412237 0.137104038807846 0.0687052844119238 0.169284410005079 0.169592175719869 0.0988835142449925 0.20623949889465 0.101448210719202 0.310245390798413 0.0486821591255433 0.202859617290797 0.271387762970449 0.318610880889527 0.188216487875419 0.219083914155215 0.121697340774408 0.07986092405736 -0.0659890912180763 0.214656340281825 -0.088270081347251 0.157047630821544 -0.07788917684751 0.34951712437074 0.118100224349611 0.272998532235316 0.296350304412572
"6303" 0.32398891747834 0.156582655762136 0.39733335626952 0.451064772530057 0.195564167862369 0.127761278456852 0.0682911446210133 0.767802873715137 0.8687380455583 0.896083240918793 0.864866939719592 0.584010803126954 0.274019562906103 0.12479303755616 0 0.0973373530104025 -0.0336096500117075 0.367341538212215 0.381663117246484 0.946140353803997 0.682652986957752 0.303182360412403 0.449015390004375 0.739875544105748 0.394301125126067 0.35578332810623 0.184347731237945 0.242712075576013 0.252413575298584 0.486861975591654 0.642424048569929 0.60089258549336 0.557470274418699 0.643918617367315 0.562334110197246 0.638048701456706 0.257190986240903 0.425518061297397 0.655333140418961 0.645088055669488 0.69542198020087 0.249127257724722 0.288344734874926 0.696652136201802 0.573732943641773 0.00565376099833009 0.0330741871844358 0.382006152700081 0.716859517183648 0.336292357340688 0.567315662262151 0.335710856541041 0.538758958448155 0.736459775891332 0.330784553766467 0.305134926911407
"6312" -0.00383078808234485 0.0159930974997579 0.161464327591037 0.187728585334298 0.165371250854739 0.270051082634814 0.122669569585735 0.410928656388209 0.119189770697101 0.215595359715472 0.0377701262571926 0.130116886129244 0.253778873391211 0.62290100492609 0.0973373530104025 0 0.555980908393889 0.0203648991291651 0.268324393263209 0.235172758974756 -0.0367807791818565 0.189490493488143 0.0640067251463467 0.110733047697998 0.0162166237404228 0.0452644082293487 0.108934133423289 0.0151731792111888 -0.106452261483268 0.107952720115356 0.0329693634009899 0.0556564636940699 0.0125140923628804 0.102276534353506 0.0896575168605243 0.00665678047787911 0.124665697815408 0.0489113028314404 0.340927460840466 -0.0201363246204483 0.212574365462385 0.18302581745749 0.215795912030632 0.127495860752925 0.161838831384816 0.0823343784075498 0.000815798899274682 -0.0676243757449917 0.185710413581361 -0.170577998894267 0.094602767602694 -0.11537493148152 0.360249068326327 0.0759896142757751 0.18197062837078 0.20396055647769
"6315" 0.234156155538611 0.423238248679721 0.439710490481304 0.0970649464003704 -0.119280334937231 0.480624071844344 0.375946376012915 0.387302794013328 -0.1208886381654 0.0339573047615823 -0.200337922020894 0.113307107442788 0.180955038204289 0.409694853747052 -0.0336096500117075 0.555980908393889 0 -0.107414068168185 -0.139457447774193 0.0665740770620637 -0.166937561629758 -0.0457885958779113 -0.00212348300792471 -0.135854526499218 -0.204652191519556 0.195746001903356 -0.145496321542059 -0.108674295039927 -0.335055704397693 0.210370351515141 -0.290207744125906 -0.250890580822478 -0.144809835386851 -0.165370884476563 -0.251782467255463 -0.328666633888884 -0.19195615073053 -0.164111610223829 0.246457707760337 -0.26981397500082 0.104005312420357 -0.195006586387916 -0.223314159931336 -0.173059377045591 -0.140152072368992 -0.111273448465386 -0.300463538552484 -0.118100493928516 -0.0400532432106955 -0.440168400958215 -0.180325402664859 -0.249584600716143 0.223629852718871 -0.138354634628748 -0.199060311181098 -0.188009140393483
"6376" -0.0449819219223644 0.04115823078422 0.131857303192884 0.243972347729057 0.153647531247001 0.0261854272805232 0.0330318781857565 0.27219016690461 0.407835654626388 0.388900176072859 0.400177285584273 0.15975544664907 0.0177980537477528 0.0528620118207001 0.367341538212215 0.0203648991291651 -0.107414068168185 0 0.1996698076708 0.381329312539256 0.205167390613165 0.112757899303109 0.0754167334079362 0.313530437156739 0.223994691996267 -0.0253018992340279 0.13673153486218 0.144252787220769 0.207581913686567 0.0483315354848473 0.34416773857541 0.344896638536873 0.264042549541384 0.34526240492562 0.345312862244623 0.351171764921932 0.164886922695013 0.235069075631263 0.222756118204893 0.282625743388156 0.217217958632201 0.197891954940211 0.23169462866749 0.344746861356332 0.328404555448179 0.0401732293878631 0.0629832318467159 0.0969821198240311 0.300756627154681 0.231471486818368 0.309156627653199 0.149496954893739 0.261688037394227 0.282768571184376 0.191401313424793 0.204628212830505
"6383" -0.0127481930400032 -0.079005288506645 0.0904712926779444 0.305269525117157 0.58308617480981 0.281159227735096 0.181681257265213 0.246948297522222 0.43150252040708 0.397230218127028 0.428956171917183 0.276786237508389 0.469115336715661 0.352755121160629 0.381663117246484 0.268324393263209 -0.139457447774193 0.1996698076708 0 0.385748971747682 0.378566043175497 0.667863278045273 0.398494098903039 0.498277175710317 0.329991740325818 0.0385390654316664 0.526486059480547 0.202111312082849 0.144751793716149 0.137188359463274 0.514338352489917 0.500971917950949 0.381491108406807 0.490445112553178 0.494176528276236 0.520509670079871 0.683298799481429 0.341968793713234 0.354289799727503 0.452571416328035 0.373824925473545 0.741405557380556 0.865034769739481 0.520652073237383 0.469923643859616 0.336853974410917 0.495085219752243 0.0257572728297299 0.473281648838665 0.168631108195695 0.449207905276057 0.0814310846479895 0.360004108262455 0.464756391932254 0.850919486851996 0.838262279908663
"6515" 0.0962756351691505 0.0748421238572367 0.355250082312258 0.529426976772295 0.250088797010413 0.109774943391282 0.0299113441119883 0.848951509939886 0.900317254931729 0.939847779348401 0.852108591943778 0.490489895268859 0.189067005725858 0.247165206916173 0.946140353803997 0.235172758974756 0.0665740770620637 0.381329312539256 0.385748971747682 0 0.510948681860131 0.253623399144141 0.27551439190023 0.713350480854751 0.417224563015735 0.161829950104725 0.208935008813806 0.263262546989886 0.31186225311344 0.324272287733226 0.661415827262174 0.651001954337939 0.523571070048529 0.689853381646233 0.651273621880327 0.654355568828678 0.258598370367663 0.456807410471593 0.687418173154329 0.577808089479722 0.643352824185164 0.311341840641951 0.364717341483512 0.731540720770296 0.672800646513993 0.034245162538395 0.0160448143113687 0.29094803585119 0.724242619522844 0.356528575646447 0.618459487188937 0.295032633604792 0.677850546524248 0.666451410231671 0.325480639614064 0.340502043321224
"6891" 0.673169539218074 0.0650357322962624 0.320932962095215 0.284973299843455 0.095869184027161 0.0410273869154451 -0.0583024720486364 0.467545085904678 0.518247020662247 0.542593867889815 0.564069926199477 0.748031325703891 0.466178479186462 -0.00042737077944288 0.682652986957752 -0.0367807791818565 -0.166937561629758 0.205167390613165 0.378566043175497 0.510948681860131 0 0.406957568870244 0.561400354568036 0.786418349197921 0.342370092945103 0.701952294857971 0.121804116790689 0.183465117126405 0.127385036314308 0.785152765620649 0.57709858510238 0.472327485191908 0.544148917633324 0.529465656104642 0.398825233982714 0.567417150008018 0.226169009060298 0.353596281264808 0.687365056780146 0.723752328525541 0.836530556698561 0.132615763980738 0.143938740108754 0.638144991597617 0.417416277903992 -0.0245335749215225 0.055959015515226 0.562240902143717 0.735859521729304 0.273607392669465 0.466595969998869 0.398784981712791 0.359520496519651 0.850108314822235 0.32570062337546 0.235449923839855
"9424" 0.201834179967231 -0.0590752061591928 0.0766791314303767 0.148664454215305 0.356905931457358 0.213259447670925 0.105952695583605 0.212375620581745 0.266700444317782 0.270421045604852 0.280454144812428 0.300245905241367 0.464048301495746 0.237317199990443 0.303182360412403 0.189490493488143 -0.0457885958779113 0.112757899303109 0.667863278045273 0.253623399144141 0.406957568870244 0 0.442296509952566 0.370828516301728 0.54134682304102 0.234761673394594 0.331829398845961 0.103849526420563 -0.0025797684092771 0.289336581762613 0.305849154861173 0.264194928591245 0.253524240086215 0.279699869094159 0.24461815471907 0.302769019655528 0.456532718549868 0.193455971713026 0.307520945000636 0.339792171319291 0.36062547181072 0.453985910066873 0.523894631428553 0.329069474903602 0.246521636198538 0.215069500598793 0.333825762208618 0.10105472807043 0.349711344118523 0.037881553430977 0.255365705867312 0.0638119292745671 0.194781016778008 0.385484639860725 0.585117533937716 0.547652782013403
"15578" 0.631191866428295 -0.0707396499941289 0.0457700089149961 -0.0914584912317999 0.0752519303753893 0.123503477167861 -0.0214604411461028 0.336889687114703 0.251010283717375 0.300659095315928 0.299284445312095 0.434324194785726 0.616113493479176 0.0739023913589338 0.449015390004375 0.0640067251463467 -0.00212348300792471 0.0754167334079362 0.398494098903039 0.27551439190023 0.561400354568036 0.442296509952566 0 0.278374762553286 0.00155110032398744 0.642779124729398 0.100974305498147 -0.0297806649078371 -0.232221771648874 0.614052822467281 0.0756143317776705 -0.0391165601501763 0.120755103050465 0.00517621857868759 -0.101531593396853 0.0415191204650365 0.211539861116629 0.00251391339879615 0.301473697466509 0.267517550832864 0.445081963813384 0.0997321927497379 0.107832906424437 0.109187960498256 -0.0641549504710883 0.073985977102824 0.176756420088948 0.280937952690629 0.247984093800112 -0.143258084941265 0.00407358021931007 0.073948095226165 -0.0445780461582552 0.385302991833665 0.320182660506814 0.219615404542563
"36403" 0.277772726187367 0.0646294391273492 0.380026936789066 0.54995386745968 0.279285549857121 0.0700292089350946 -0.00751027475208351 0.597974462564735 0.727735767001446 0.733290585062862 0.72580302956374 0.658137259384991 0.29500606271842 0.158023512554306 0.739875544105748 0.110733047697998 -0.135854526499218 0.313530437156739 0.498277175710317 0.713350480854751 0.786418349197921 0.370828516301728 0.278374762553286 0 0.508233781166146 0.341890667554874 0.256543496791018 0.3107782266847 0.362888929577699 0.507907621702944 0.818676894612264 0.772061864638123 0.67137905862148 0.808624507147677 0.742117681525405 0.815660688875902 0.344995674743577 0.543376807361086 0.783508719428381 0.789615934432853 0.816866646595493 0.358997332307138 0.416809812447984 0.878518725424147 0.746198361720582 0.0421843084823535 0.0862241893181155 0.44823158915987 0.882476312353144 0.466078432491489 0.726045832849159 0.42145999586592 0.669764500332966 0.883424423790818 0.437136663887114 0.420343412165251
"48425" -0.084241228513252 0.0558085763126606 0.199614272928809 0.391285773031281 0.254976019828005 0.0302637845167192 0.0460047972673799 0.250751253010137 0.470225127588413 0.427201059278518 0.464753577602982 0.250787874636711 0.0217982553976447 0.0740448202928398 0.394301125126067 0.0162166237404228 -0.204652191519556 0.223994691996267 0.329991740325818 0.417224563015735 0.342370092945103 0.54134682304102 0.00155110032398744 0.508233781166146 0 -0.0520296437884108 0.228206580570176 0.236800478214062 0.346381689801414 0.0663884059527148 0.564795793576629 0.565425985006272 0.430771084607102 0.562787754707567 0.566200062847657 0.577670838699838 0.275539884949251 0.384814226756904 0.347775211316781 0.463452863161125 0.34305746132943 0.329634897587131 0.3858343507886 0.560992831181659 0.534593982288045 0.0703799465588981 0.114114763045285 0.156196445387699 0.484267060861587 0.387530133192857 0.504760447088867 0.247267893274082 0.414062113618201 0.458069462276057 0.318765782008962 0.340467091148259
"49169" 0.960753788906838 0.027664008535112 0.296559537777367 -0.0845440372663562 -0.198818712075741 0.0551003679794551 -0.112022807114029 0.365548832057584 0.0697135338719416 0.182270698535494 0.111150434212319 0.737153233214047 0.550180793937039 -0.00570462257645834 0.35578332810623 0.0452644082293487 0.195746001903356 -0.0253018992340279 0.0385390654316664 0.161829950104725 0.701952294857971 0.234761673394594 0.642779124729398 0.341890667554874 -0.0520296437884108 0 -0.146276077818134 -0.0677789998256817 -0.28828181314509 0.881246624640987 0.000606325548133222 -0.11618206927357 0.249131583925635 -0.0306955044158085 -0.196436959750705 -0.0374954208479418 -0.0892382489375591 -0.0380430986597529 0.487612735166834 0.290879837709355 0.633324155291457 -0.251660210260997 -0.309624133305516 0.10729297318875 -0.114967546259281 -0.0273436865192281 -0.121187949216184 0.479087259715889 0.329273418883337 -0.179410712378202 -0.0356701040886788 0.290937773712942 0.0208464389064477 0.470070063382449 -0.0280284797281364 -0.148105646401546
"49666" -0.164118908371486 0.00639217301358757 0.0635619626157995 0.312434138185595 0.371608023599097 0.164063938481545 0.159012166219555 0.0659774392606911 0.26445751520777 0.214911874447539 0.26399851652388 0.062832528339528 0.144471416405064 0.173538895871753 0.184347731237945 0.108934133423289 -0.145496321542059 0.13673153486218 0.526486059480547 0.208935008813806 0.121804116790689 0.331829398845961 0.100974305498147 0.256543496791018 0.228206580570176 -0.146276077818134 0 0.149241088899279 0.168158077585168 -0.0777984663775632 0.358129987233374 0.349901774763392 0.241066542612955 0.332360652277087 0.358420007836295 0.353995602840667 0.413548554473681 0.232652704155347 0.118277904730059 0.249534106821343 0.111412116947428 0.474032533028016 0.553908401898724 0.315037620775414 0.321936281620795 0.204448751531453 0.298742760874378 -0.0585234391740619 0.235980073636888 0.169027524412668 0.300756407130351 0.0448575137739223 0.210138652460446 0.214394712363323 0.491577965170572 0.55049863403429
"50185" -0.0801390222016925 0.0809818284297946 0.15781180639514 0.266601633940842 0.168026787134517 0.0486371278915547 0.0718513797860672 0.149885363878963 0.298702563160489 0.268043499140418 0.293811733849638 0.140648352622102 -0.011392048953552 0.0510156844106679 0.242712075576013 0.0151731792111888 -0.108674295039927 0.144252787220769 0.202111312082849 0.263262546989886 0.183465117126405 0.103849526420563 -0.0297806649078371 0.3107782266847 0.236800478214062 -0.0677789998256817 0.149241088899279 0 0.229174669984999 0.0109185274128042 0.36050423185972 0.368489701233624 0.278246109355055 0.365943219946987 0.36917942344659 0.370459722362227 0.175902572801364 0.248087648047434 0.204785119032282 0.283421920631921 0.193792162660694 0.21578020197395 0.253446789147913 0.353853649055382 0.346206745626545 0.042597165557604 0.0655279440853125 0.0742574223768694 0.296000816822945 0.247669234752279 0.324960279994489 0.146398086092956 0.270460060428466 0.27281752999039 0.199037844719255 0.21741623429336
"50288" -0.317886153613065 0.00341064171595252 0.0884281922701401 0.347921381745344 0.193299644113292 -0.109291448670117 -0.0267750774869884 0.0911726528152603 0.396281262147718 0.318304656946753 0.388035218993004 0.0518480700156182 -0.223647454627526 -0.0376463038069013 0.252413575298584 -0.106452261483268 -0.335055704397693 0.207581913686567 0.144751793716149 0.31186225311344 0.127385036314308 -0.0025797684092771 -0.232221771648874 0.362888929577699 0.346381689801414 -0.28828181314509 0.168158077585168 0.229174669984999 0 -0.180308711646804 0.509064582875676 0.535198568115972 0.363029053941482 0.504490462409335 0.560533928395255 0.532853489658428 0.174263447266049 0.353511399894005 0.156508515915994 0.350118993445638 0.128204143237249 0.256536972160374 0.303859756718316 0.469710150166412 0.499114717447976 0.106207542669045 0.440113324940184 0.438404543860456 0.336928516639832 0.838695816201465 0.457758625031301 0.585602308608366 0.331036951539147 0.287936777578421 0.170695374761749 0.231558647180412
"50422" 0.861305835186089 0.0670729327438567 0.291362881749892 0.0733924879038023 -0.114991016892912 0.0951583256041679 -0.0765080942683231 0.498241150533347 0.232911761464145 0.345032842674163 0.259750234887088 0.703833064966809 0.554286068049419 0.0632807787575562 0.486861975591654 0.107952720115356 0.210370351515141 0.0483315354848473 0.137188359463274 0.324272287733226 0.785152765620649 0.289336581762613 0.614052822467281 0.507907621702944 0.0663884059527148 0.881246624640987 -0.0777984663775632 0.0109185274128042 -0.180308711646804 0 0.181694920861413 0.0747380268035089 0.261069304164652 0.164366516327655 0.000437631066055265 0.147227550899873 -0.0124227512886985 0.0905954407205066 0.634365309292692 0.422686153674731 0.755056238661199 -0.14944441292916 -0.186635884080822 0.296862389597265 0.078670367303898 -0.111060689190876 -0.109415131499266 0.514559288529315 0.509153783995657 -0.0695586249594417 0.145670971737822 0.2239360944298 0.204506735215621 0.625447906854592 0.0610330756958693 -0.0451299886777943
"50672" -0.047903263338794 0.0972834920268323 0.336089058977552 0.609650371610356 0.37611253413731 0.0582844712919 0.0682888049997191 0.425885208527 0.738048047866425 0.68113161378558 0.733940606439867 0.446410177946119 0.0821349863119434 0.116725672412237 0.642424048569929 0.0329693634009899 -0.290207744125906 0.34416773857541 0.514338352489917 0.661415827262174 0.57709858510238 0.305849154861173 0.0756143317776705 0.818676894612264 0.564795793576629 0.000606325548133222 0.358129987233374 0.36050423185972 0.509064582875676 0.181694920861413 0 0.864615880504986 0.678329465098873 0.868795778239473 0.858241920194404 0.890569259631642 0.416886189224484 0.613823143241276 0.586108892135845 0.740914839384365 0.587430720129576 0.486126351970572 0.570263602694116 0.879201527442287 0.81735677645818 0.124190487197621 0.162151476522674 0.28247982837033 0.778812769712764 0.587262940326266 0.782597796926364 0.394819445011572 0.645536932879941 0.751724972168998 0.49504836424423 0.51596580650381
"53562" -0.156864106689338 0.150288562949639 0.362428161661553 0.631770858775464 0.395192215528327 0.094407406946621 0.127987685212731 0.402907191491668 0.73108615876805 0.666844895971986 0.711033461580347 0.375305960251979 0.00856109402912784 0.137104038807846 0.60089258549336 0.0556564636940699 -0.250890580822478 0.344896638536873 0.500971917950949 0.651001954337939 0.472327485191908 0.264194928591245 -0.0391165601501763 0.772061864638123 0.565425985006272 -0.11618206927357 0.349901774763392 0.368489701233624 0.535198568115972 0.0747380268035089 0.864615880504986 0 0.664201416582101 0.874861237071999 0.879304351621895 0.887366962661743 0.415894653392478 0.593810951124347 0.534085470648312 0.691920674655368 0.512139445273124 0.507482187481512 0.595300943742301 0.865823343724914 0.832476076714228 0.101027059579361 0.153036278377176 0.218805832600204 0.737985640789597 0.586501345461392 0.780302431842905 0.362124270802968 0.667452449681157 0.682554370617112 0.476825351964478 0.517004476919136
"54111" 0.23298410236185 0.250281074127621 0.621046452999942 0.486439333259948 0.256772891225428 0.156127774203936 0.17872090360686 0.350061061876139 0.57643639339859 0.540922418080746 0.585515506549808 0.679355826480087 0.115664514343295 0.0687052844119238 0.557470274418699 0.0125140923628804 -0.144809835386851 0.264042549541384 0.381491108406807 0.523571070048529 0.544148917633324 0.253524240086215 0.120755103050465 0.67137905862148 0.430771084607102 0.249131583925635 0.241066542612955 0.278246109355055 0.363029053941482 0.261069304164652 0.678329465098873 0.664201416582101 0 0.682740260419882 0.632799665604658 0.689898497926588 0.308186047899667 0.455040114821917 0.494185839840664 0.619032189190706 0.52048360251332 0.330140192853603 0.387336393372481 0.684432196089476 0.605626249658247 0.24058146587623 0.0835047903144717 0.261915162616263 0.636712997927302 0.41644354894869 0.596001373764017 0.588104938102333 0.490752039776018 0.63782675430698 0.364120819233811 0.361710207355612
"54945" -0.0712784041030667 0.187142007874777 0.419846388163698 0.653536665618429 0.376868990900653 0.133918509500187 0.146531015449618 0.475701139433024 0.745088922305509 0.702578664178966 0.726463307256954 0.441612233642904 0.0621014759364487 0.169284410005079 0.643918617367315 0.102276534353506 -0.165370884476563 0.34526240492562 0.490445112553178 0.689853381646233 0.529465656104642 0.279699869094159 0.00517621857868759 0.808624507147677 0.562787754707567 -0.0306955044158085 0.332360652277087 0.365943219946987 0.504490462409335 0.164366516327655 0.868795778239473 0.874861237071999 0.682740260419882 0 0.878975868390293 0.884488903509496 0.399401708537364 0.596652616216334 0.611466050647405 0.714283167389019 0.586193923085562 0.480799667643374 0.563564323842431 0.883286767651278 0.839797604026462 0.0812761731782376 0.119976239638341 0.24709365008165 0.783958998736352 0.557054794017021 0.788127610989064 0.369403893247715 0.707113576374137 0.731314422279599 0.465032049060858 0.497612793341961
"55398" -0.256950081551488 0.0724407699940208 0.297483828010393 0.635213446647733 0.414022097703952 0.0535513057502878 0.0776118002257009 0.406109100049091 0.724882994458763 0.660826311756774 0.693985122448786 0.317216360000413 -0.0276093555494439 0.169592175719869 0.562334110197246 0.0896575168605243 -0.251782467255463 0.345312862244623 0.494176528276236 0.651273621880327 0.398825233982714 0.24461815471907 -0.101531593396853 0.742117681525405 0.566200062847657 -0.196436959750705 0.358420007836295 0.36917942344659 0.560533928395255 0.000437631066055265 0.858241920194404 0.879304351621895 0.632799665604658 0.878975868390293 0 0.88008935377071 0.416246736335167 0.595049528365951 0.524377249765402 0.655624486033412 0.474119892998892 0.530588035415776 0.624351559638031 0.858941637296866 0.855148742276199 0.119202772764541 0.163371018423239 0.178883792306073 0.72661449482118 0.59744555082975 0.789107323248996 0.344747626004744 0.68985570265078 0.64389439720842 0.478374621357486 0.537504923599298
"56135" -0.080018211831689 0.113226529649783 0.337692788586958 0.60814543278854 0.390757366103887 0.0590081023809881 0.0859537284287366 0.390408499032604 0.74032395830588 0.671507824159907 0.743577824406983 0.422704627830888 0.0554154987466536 0.0988835142449925 0.638048701456706 0.00665678047787911 -0.328666633888884 0.351171764921932 0.520509670079871 0.654355568828678 0.567417150008018 0.302769019655528 0.0415191204650365 0.815660688875902 0.577670838699838 -0.0374954208479418 0.353995602840667 0.370459722362227 0.532853489658428 0.147227550899873 0.890569259631642 0.887366962661743 0.689898497926588 0.884488903509496 0.88008935377071 0 0.43296557941277 0.602917202475855 0.552797808674371 0.750022769163246 0.561511144285784 0.506189179513291 0.593969210550785 0.885228179074067 0.828219295091824 0.103023920508213 0.179993481067084 0.268324432732342 0.773962063595546 0.605819263421662 0.789479664362968 0.400459274351925 0.634816542947048 0.74508725801173 0.505259822016958 0.528857650980757
"56541" -0.110343990216202 -8.74920053654443e-05 0.0798520077453619 0.250760189022175 0.454572859757455 0.20866370363992 0.187630450221812 0.0911974678699099 0.325769461957049 0.269511566847452 0.334880092054829 0.13204265368398 0.247693789546651 0.20623949889465 0.257190986240903 0.124665697815408 -0.19195615073053 0.164886922695013 0.683298799481429 0.258598370367663 0.226169009060298 0.456532718549868 0.211539861116629 0.344995674743577 0.275539884949251 -0.0892382489375591 0.413548554473681 0.175902572801364 0.174263447266049 -0.0124227512886985 0.416886189224484 0.415894653392478 0.308186047899667 0.399401708537364 0.416246736335167 0.43296557941277 0 0.280029377963846 0.173472340071407 0.339331619215149 0.189229982424566 0.58122482411768 0.677382837742407 0.391724262803021 0.374934364353494 0.254671294954355 0.385519620128488 -0.0302198435187359 0.313427522957011 0.19597939923106 0.361069913385655 0.0677724365124276 0.236217914402262 0.321933269344136 0.633094537173546 0.637669228572789
"57062" -0.0727138225902333 0.0761895069992063 0.236694706490916 0.426366338617286 0.262823133962022 0.0526200073637165 0.0605218854628068 0.299637844846875 0.501252719595394 0.465696436680779 0.489929175101613 0.281731810704096 0.0352622609082772 0.101448210719202 0.425518061297397 0.0489113028314404 -0.164111610223829 0.235069075631263 0.341968793713234 0.456807410471593 0.353596281264808 0.193455971713026 0.00251391339879615 0.543376807361086 0.384814226756904 -0.0380430986597529 0.232652704155347 0.248087648047434 0.353511399894005 0.0905954407205066 0.613823143241276 0.593810951124347 0.455040114821917 0.596652616216334 0.595049528365951 0.602917202475855 0.280029377963846 0 0.477666874244863 0.485463612253349 0.382741629499627 0.337570675876498 0.395332942441781 0.596610410705904 0.568909319584532 0.0664780637787604 0.100774779407864 0.168202168493308 0.524006379498009 0.392880349811142 0.666780983079581 0.255395636694435 0.462471008263486 0.489803052097911 0.325848761475192 0.349065248916709
"57742" 0.39686528606571 0.00608245962039384 0.373850061826785 0.470526978380237 0.149244531724639 0.106465329877937 -0.0728372006427146 0.778436953664898 0.596857746558826 0.693353582834161 0.546918226578447 0.685614158196183 0.39835846712763 0.310245390798413 0.655333140418961 0.340927460840466 0.246457707760337 0.222756118204893 0.354289799727503 0.687418173154329 0.687365056780146 0.307520945000636 0.301473697466509 0.783508719428381 0.347775211316781 0.487612735166834 0.118277904730059 0.204785119032282 0.156508515915994 0.634365309292692 0.586108892135845 0.534085470648312 0.494185839840664 0.611466050647405 0.524377249765402 0.552797808674371 0.173472340071407 0.477666874244863 0 0.597280614446833 0.864459911725175 0.179800682841672 0.2031422129685 0.718180852216794 0.595827742876991 -0.017209038772519 -0.0676283623242077 0.44007493572926 0.810514308568309 0.22327051942228 0.569600551653162 0.30759077205092 0.716182882593582 0.77413009218924 0.259549212177846 0.239395090745795
