"2757" "3141" "3174" "4310" "4598" "8508" "11811" "19258" "21476" "50077" "51739" "52031" "52801" "52915" "55901" "56365" "57396" "57511" "57534" "58455" "60194" "60464" "60573" "60912" "61281" "63699" "63802" "64961" "65051" "71738"
"2757" 0 -0.102976157777938 0.299572609395831 0.088133732369885 -0.117796078605692 0.306650499854649 0.0630170502548397 -0.254388882291496 -0.331017523430716 0.64537533494929 0.451002835132955 0.384007150896263 0.166088710591383 0.43459771067865 0.205606007863304 0.240781714081019 0.269415973179929 0.422351294858962 0.601717672709213 0.469315359501698 0.442889055388927 0.362577052606585 0.17953018774108 0.352542398731525 0.281177209602545 0.174819964069762 0.207518923284953 0.361604622704307 -0.0745848259447031 0.474650332365914
"3141" -0.102976157777938 0 0.42891648388811 0.870135720710621 0.228371958578522 0.260811037697879 0.454586265080853 0.742134045028371 0.485276304521034 -0.115806383780582 0.182913224503826 -0.00661339020757617 0.658604948820247 0.0619222148899507 0.594286674815214 0.391694101235664 0.518052652705756 0.193121955652768 0.209388861072555 -0.110881879698509 0.0758044023910325 0.249585979960767 0.355031864813896 0.377278551746005 0.545994807401519 0.75598992188746 0.543573092996254 0.0665620988567352 0.126551232990946 0.0545205625922288
"3174" 0.299572609395831 0.42891648388811 0 0.702703364947849 0.176462177914287 0.7190350290704 0.554024254251977 0.244686045125168 -0.0237616700220173 0.462978723160888 0.798471458675421 0.632270723062979 0.796187993968471 0.732978160960278 0.787577020250265 0.65900402888455 0.780206383888559 0.830972647394437 0.441790156595766 0.445641152445506 0.780403855566561 0.672341429346118 0.74394941159955 0.872544464705127 0.86037342150011 0.812824519094064 0.811435287597402 0.472865439350547 0.299304329837103 0.74129987483713
"4310" 0.088133732369885 0.870135720710621 0.702703364947849 0 0.242253904803002 0.533725029356396 0.583439125067522 0.591584278217389 0.308922976100496 0.160687347083558 0.537943989630004 0.333394454170374 0.825286425477008 0.423372472632135 0.78520325841614 0.608203939741144 0.744675812504937 0.548059919952024 0.365536085707889 0.164073201746147 0.442967798254907 0.522934109215043 0.576698960306105 0.686182543083193 0.789608773397229 0.910288793030602 0.766253026032616 0.276104980033408 0.177487259704543 0.421582648258287
"4598" -0.117796078605692 0.228371958578522 0.176462177914287 0.242253904803002 0 0.374087988675356 0.760696723811915 0.32461434144892 0.84090450811468 -0.149045860570437 0.033870768831164 0.370773534748096 0.213046128549375 0.16774251798471 0.18347827957337 0.536057054195822 0.140960294703399 0.093602174220572 0.0321058610343387 -0.172642310396268 0.0149033306931466 0.00960839598448265 0.23475302527916 0.113926406657808 0.154520683508468 0.214751291344289 0.410287864654046 -0.0718776996072954 0.243439830294742 -0.0434091310961689
"8508" 0.306650499854649 0.260811037697879 0.7190350290704 0.533725029356396 0.374087988675356 0 0.784682136611972 0.084307582380061 0.042795483457622 0.459366351166234 0.757065364620725 0.677456269773498 0.640390360272992 0.729127402948729 0.653334276840423 0.909393345662791 0.670192568671865 0.775267368320321 0.394150749691718 0.455977951060295 0.740599841508376 0.624262384873234 0.622125585694041 0.771348614434922 0.732632052878604 0.653794455019967 0.711281050667183 0.426522907844052 0.202600437870902 0.718505831347629
"11811" 0.0630170502548397 0.454586265080853 0.554024254251977 0.583439125067522 0.760696723811915 0.784682136611972 0 0.419980357287206 0.579274043075909 0.126456589617076 0.423571338401633 0.498363986714314 0.606471084752829 0.446212033915518 0.573776617631313 0.850257681550485 0.526885108349708 0.483086959711113 0.258598811437675 0.0963354177352364 0.40151147924041 0.35621491151875 0.573360200909141 0.548792783656681 0.58355739430963 0.617326540972213 0.703138106324586 0.206660675417308 0.34716302180532 0.335806820457906
"19258" -0.254388882291496 0.742134045028371 0.244686045125168 0.591584278217389 0.32461434144892 0.084307582380061 0.419980357287206 0 0.641237204680478 -0.286149127535497 -0.156594752823325 -0.287239337257411 0.575909977559447 -0.236457660549828 0.463084041139655 0.11798911972236 0.278448786998346 -0.0341379975901466 0.0493817699943995 -0.383656463532985 -0.128089148791831 -0.0938494387104261 0.515410331539988 0.211507367653622 0.360325620991596 0.552088145706994 0.434768792836066 -0.00492568980986257 0.626377427557641 -0.274108467492698
"21476" -0.331017523430716 0.485276304521034 -0.0237616700220173 0.308922976100496 0.84090450811468 0.042795483457622 0.579274043075909 0.641237204680478 0 -0.440729968874092 -0.320603430024359 -0.0701343817092862 0.177138296927104 -0.240157284434817 0.104992600487632 0.243028787929273 -0.00306118563883637 -0.246644777123325 -0.0957149347379611 -0.480708886499317 -0.349136069598067 -0.247144795452228 0.114279112930123 -0.123871928479629 0.00550299266611413 0.190484464166548 0.252701198559589 -0.24806708573634 0.289268421451164 -0.427584878258095
"50077" 0.64537533494929 -0.115806383780582 0.462978723160888 0.160687347083558 -0.149045860570437 0.459366351166234 0.126456589617076 -0.286149127535497 -0.440729968874092 0 0.646038507726496 0.532365314756132 0.297815582193316 0.615035027736036 0.343049892760785 0.35025902668755 0.413684173617019 0.623678860776733 0.291308417504665 0.667111711221529 0.647832343194087 0.513269555325161 0.338186359940753 0.544038871064241 0.44632115751955 0.298861133348109 0.34431128830461 0.558379780982368 -0.0077833457740097 0.671767460665914
"51739" 0.451002835132955 0.182913224503826 0.798471458675421 0.537943989630004 0.033870768831164 0.757065364620725 0.423571338401633 -0.156594752823325 -0.320603430024359 0.646038507726496 0 0.837326577871204 0.62746689740483 0.924313622869175 0.674503703330546 0.697073383490826 0.759246267469703 0.94044901293239 0.477856539443605 0.680564550917235 0.923554249860897 0.813822639684851 0.565493385977479 0.878308366222645 0.803197558075666 0.673401442562104 0.707047657850679 0.522758827907644 -0.0104237335807715 0.958719074795367
"52031" 0.384007150896263 -0.00661339020757617 0.632270723062979 0.333394454170374 0.370773534748096 0.677456269773498 0.498363986714314 -0.287239337257411 -0.0701343817092862 0.532365314756132 0.837326577871204 0 0.400799973220686 0.896005411387029 0.461578031100772 0.699177851165039 0.569147457703455 0.805167697736727 0.374359234076127 0.580930706938742 0.781085668940449 0.673890290050606 0.391183107315878 0.674792014339412 0.581429248645963 0.443386043437635 0.617654024580107 0.379244028787503 -0.0942081229305039 0.827428580207173
"52801" 0.166088710591383 0.658604948820247 0.796187993968471 0.825286425477008 0.213046128549375 0.640390360272992 0.606471084752829 0.575909977559447 0.177138296927104 0.297815582193316 0.62746689740483 0.400799973220686 0 0.524675944296892 0.865823261236312 0.590027037730095 0.78268048052758 0.70262403622132 0.402470241113958 0.244520419853681 0.629682620227065 0.545004320818156 0.847548820322947 0.84116193092332 0.882517888837362 0.917359528816342 0.854674595978412 0.416993092438704 0.5029045790484 0.534800929854622
"52915" 0.43459771067865 0.0619222148899507 0.732978160960278 0.423372472632135 0.16774251798471 0.729127402948729 0.446212033915518 -0.236457660549828 -0.240157284434817 0.615035027736036 0.924313622869175 0.896005411387029 0.524675944296892 0 0.578421781055136 0.691212365689354 0.673713964142323 0.894760092103688 0.434412158834539 0.653235315927933 0.881676866520035 0.754462165136121 0.502998342025145 0.797383835316843 0.704821962488057 0.561126326780627 0.662983347700798 0.472475603829262 -0.0294001289895798 0.917995574555216
"55901" 0.205606007863304 0.594286674815214 0.787577020250265 0.78520325841614 0.18347827957337 0.653334276840423 0.573776617631313 0.463084041139655 0.104992600487632 0.343049892760785 0.674503703330546 0.461578031100772 0.865823261236312 0.578421781055136 0 0.60465596439939 0.774940605434664 0.729174240103651 0.411293867733383 0.307608065100832 0.661964570495414 0.583358515107522 0.788187449401792 0.839002907048974 0.863174433147828 0.877550353869267 0.82342156684311 0.426227740155829 0.405843246783787 0.593146251271349
"56365" 0.240781714081019 0.391694101235664 0.65900402888455 0.608203939741144 0.536057054195822 0.909393345662791 0.850257681550485 0.11798911972236 0.243028787929273 0.35025902668755 0.697073383490826 0.699177851165039 0.590027037730095 0.691212365689354 0.60465596439939 0 0.643853480649503 0.684177531534542 0.36661768450915 0.379584293758058 0.621445556566487 0.598687661661924 0.474122371456852 0.673113343907266 0.672525675554804 0.653103862907303 0.698381002217294 0.318276502338016 0.0319005021056235 0.635846264208597
"57396" 0.269415973179929 0.518052652705756 0.780206383888559 0.744675812504937 0.140960294703399 0.670192568671865 0.526885108349708 0.278448786998346 -0.00306118563883637 0.413684173617019 0.759246267469703 0.569147457703455 0.78268048052758 0.673713964142323 0.774940605434664 0.643853480649503 0 0.773931040997444 0.43021329794264 0.411596147544129 0.714668222339798 0.657653553146304 0.672711085678873 0.828476157245026 0.835984576912427 0.826473989477882 0.77833647262558 0.433654468569688 0.21518709109556 0.692374687641247
"57511" 0.422351294858962 0.193121955652768 0.830972647394437 0.548059919952024 0.093602174220572 0.775267368320321 0.483086959711113 -0.0341379975901466 -0.246644777123325 0.623678860776733 0.94044901293239 0.805167697736727 0.70262403622132 0.894760092103688 0.729174240103651 0.684177531534542 0.773931040997444 0 0.474248602840715 0.624879223660627 0.928976204984337 0.769687358764288 0.702422770993668 0.916845228778997 0.840880134705437 0.714277648298181 0.772242868845373 0.547036626970992 0.185660841965681 0.918208655465832
"57534" 0.601717672709213 0.209388861072555 0.441790156595766 0.365536085707889 0.0321058610343387 0.394150749691718 0.258598811437675 0.0493817699943995 -0.0957149347379611 0.291308417504665 0.477856539443605 0.374359234076127 0.402470241113958 0.434412158834539 0.411293867733383 0.36661768450915 0.43021329794264 0.474248602840715 0 0.299226283674419 0.453042012616811 0.40748646046842 0.351544150850866 0.477371276850581 0.461505887650734 0.425885122446303 0.414051744763862 0.267933290682915 0.0645551625022841 0.454328960180502
"58455" 0.469315359501698 -0.110881879698509 0.445641152445506 0.164073201746147 -0.172642310396268 0.455977951060295 0.0963354177352364 -0.383656463532985 -0.480708886499317 0.667111711221529 0.680564550917235 0.580930706938742 0.244520419853681 0.653235315927933 0.307608065100832 0.379584293758058 0.411596147544129 0.624879223660627 0.299226283674419 0 0.648747090352925 0.556570828224663 0.228828873699683 0.517566780135916 0.419914524133182 0.275035670521003 0.307178629011476 0.853322317957619 -0.176905719319389 0.711709937876535
"60194" 0.442889055388927 0.0758044023910325 0.780403855566561 0.442967798254907 0.0149033306931466 0.740599841508376 0.40151147924041 -0.128089148791831 -0.349136069598067 0.647832343194087 0.923554249860897 0.781085668940449 0.629682620227065 0.881676866520035 0.661964570495414 0.621445556566487 0.714668222339798 0.928976204984337 0.453042012616811 0.648747090352925 0 0.745407505319083 0.662549027671938 0.878398718281534 0.780949398350745 0.626004954088168 0.693517292345747 0.546852538894924 0.170768972192387 0.919342384915349
"60464" 0.362577052606585 0.249585979960767 0.672341429346118 0.522934109215043 0.00960839598448265 0.624262384873234 0.35621491151875 -0.0938494387104261 -0.247144795452228 0.513269555325161 0.813822639684851 0.673890290050606 0.545004320818156 0.754462165136121 0.583358515107522 0.598687661661924 0.657653553146304 0.769687358764288 0.40748646046842 0.556570828224663 0.745407505319083 0 0.436383897241253 0.728982872298425 0.684381348828385 0.60512592114164 0.594922892554412 0.419170750249197 -0.075270006418045 0.789500780245612
"60573" 0.17953018774108 0.355031864813896 0.74394941159955 0.576698960306105 0.23475302527916 0.622125585694041 0.573360200909141 0.515410331539988 0.114279112930123 0.338186359940753 0.565493385977479 0.391183107315878 0.847548820322947 0.502998342025145 0.788187449401792 0.474122371456852 0.672711085678873 0.702422770993668 0.351544150850866 0.228828873699683 0.662549027671938 0.436383897241253 0 0.827799544962157 0.807922337984589 0.763588793884502 0.810405977260669 0.459669851258207 0.781665684265058 0.50329073604709
"60912" 0.352542398731525 0.377278551746005 0.872544464705127 0.686182543083193 0.113926406657808 0.771348614434922 0.548792783656681 0.211507367653622 -0.123871928479629 0.544038871064241 0.878308366222645 0.674792014339412 0.84116193092332 0.797383835316843 0.839002907048974 0.673113343907266 0.828476157245026 0.916845228778997 0.477371276850581 0.517566780135916 0.878398718281534 0.728982872298425 0.827799544962157 0 0.918794968515035 0.840495656889407 0.850167940220859 0.542770732160909 0.354935973954329 0.827266542551801
"61281" 0.281177209602545 0.545994807401519 0.86037342150011 0.789608773397229 0.154520683508468 0.732632052878604 0.58355739430963 0.360325620991596 0.00550299266611413 0.44632115751955 0.803197558075666 0.581429248645963 0.882517888837362 0.704821962488057 0.863174433147828 0.672525675554804 0.835984576912427 0.840880134705437 0.461505887650734 0.419914524133182 0.780949398350745 0.684381348828385 0.807922337984589 0.918794968515035 0 0.905021414003638 0.863704349043923 0.488102786155282 0.356835759644479 0.727941913383674
"63699" 0.174819964069762 0.75598992188746 0.812824519094064 0.910288793030602 0.214751291344289 0.653794455019967 0.617326540972213 0.552088145706994 0.190484464166548 0.298861133348109 0.673401442562104 0.443386043437635 0.917359528816342 0.561126326780627 0.877550353869267 0.653103862907303 0.826473989477882 0.714277648298181 0.425885122446303 0.275035670521003 0.626004954088168 0.60512592114164 0.763588793884502 0.840495656889407 0.905021414003638 0 0.863783727836402 0.399487001376538 0.345448054375625 0.571640771043446
"63802" 0.207518923284953 0.543573092996254 0.811435287597402 0.766253026032616 0.410287864654046 0.711281050667183 0.703138106324586 0.434768792836066 0.252701198559589 0.34431128830461 0.707047657850679 0.617654024580107 0.854674595978412 0.662983347700798 0.82342156684311 0.698381002217294 0.77833647262558 0.772242868845373 0.414051744763862 0.307178629011476 0.693517292345747 0.594922892554412 0.810405977260669 0.850167940220859 0.863704349043923 0.863783727836402 0 0.413730487501436 0.425425838143164 0.619742608029324
"64961" 0.361604622704307 0.0665620988567352 0.472865439350547 0.276104980033408 -0.0718776996072954 0.426522907844052 0.206660675417308 -0.00492568980986257 -0.24806708573634 0.558379780982368 0.522758827907644 0.379244028787503 0.416993092438704 0.472475603829262 0.426227740155829 0.318276502338016 0.433654468569688 0.547036626970992 0.267933290682915 0.853322317957619 0.546852538894924 0.419170750249197 0.459669851258207 0.542770732160909 0.488102786155282 0.399487001376538 0.413730487501436 0 0.198073046768832 0.519980548180006
"65051" -0.0745848259447031 0.126551232990946 0.299304329837103 0.177487259704543 0.243439830294742 0.202600437870902 0.34716302180532 0.626377427557641 0.289268421451164 -0.0077833457740097 -0.0104237335807715 -0.0942081229305039 0.5029045790484 -0.0294001289895798 0.405843246783787 0.0319005021056235 0.21518709109556 0.185660841965681 0.0645551625022841 -0.176905719319389 0.170768972192387 -0.075270006418045 0.781665684265058 0.354935973954329 0.356835759644479 0.345448054375625 0.425425838143164 0.198073046768832 0 -0.0556881429175156
"71738" 0.474650332365914 0.0545205625922288 0.74129987483713 0.421582648258287 -0.0434091310961689 0.718505831347629 0.335806820457906 -0.274108467492698 -0.427584878258095 0.671767460665914 0.958719074795367 0.827428580207173 0.534800929854622 0.917995574555216 0.593146251271349 0.635846264208597 0.692374687641247 0.918208655465832 0.454328960180502 0.711709937876535 0.919342384915349 0.789500780245612 0.50329073604709 0.827266542551801 0.727941913383674 0.571640771043446 0.619742608029324 0.519980548180006 -0.0556881429175156 0
