"79" "518" "1795" "2088" "2645" "3067" "3150" "3606" "3686" "4261" "4929" "4930" "14553" "16423" "33397" "37363" "48228" "48612" "50259" "50341" "54415" "55838" "56741" "56762" "56831" "57737" "59778" "66307" "66372" "66833" "66859" "67506"
"79" 0 0.479440219264555 0.124587229577892 -0.0756828758143844 0.118491506986776 0.692343704317728 0.36263417282197 -0.289074843183944 0.499165608786885 0.239749491092712 -0.100502670826393 -0.054005628634387 -0.0891005443901328 0.0376707615488574 -0.16027215827609 -0.255878806352152 0.109115989768094 0.0224659136633443 -0.0944030170018773 0.266590246783698 0.49552189202184 -0.399416110412096 -0.322562941034772 0.341428621639165 0.366228107985403 -0.140929266721571 0.384485049083466 0.187720373615483 0.198647972822743 0.0662388092714571 0.0594056956104668 0.237737669257373
"518" 0.479440219264555 0 -0.19195216189545 -0.23724239264803 -0.176490417562618 0.399709473033044 0.0540611834029655 -0.0795114221877619 0.406905998146623 -0.049191293309438 -0.251977543834254 -0.224286739546083 0.0641092826222742 -0.140086910778897 0.0367664239302848 -0.0791537499897833 0.165816394811828 -0.266197844223665 -0.273386393870593 -0.0119900385060494 0.207843148861075 -0.0231829921988629 -0.0902745732508017 0.134301127149771 0.158674708366767 -0.31072884668103 0.230557916582667 0.0302779481114239 -0.0707928597268321 -0.175369185861755 -0.040153324667452 0.313480406541993
"1795" 0.124587229577892 -0.19195216189545 0 0.649552084153194 0.607492759658093 0.020005286286934 -0.0607638001855839 0.446859295045264 0.00174951159502334 0.570133519502704 0.629372707008646 0.620378327623419 0.347623250947077 0.468965990962981 0.42414123974358 0.368038601665427 0.155104621769849 0.846544016399349 0.699887811769779 0.602690525786993 0.47052004098075 0.187450641270749 0.483020930330237 0.47632375809324 0.457726381578082 0.732440299622262 0.153527608132209 0.209775303502929 0.627589821067343 0.728319872595157 0.315905402208194 0.178945385056765
"2088" -0.0756828758143844 -0.23724239264803 0.649552084153194 0 0.428634336526817 -0.0668700732962293 -0.12171781294733 0.48622990867998 -0.00484228344306506 0.567006535035651 0.705487754318602 0.741090372324931 0.353886021267703 0.472509904190176 0.448095777825255 0.409290280012851 0.123410881009533 0.650350904925279 0.724328281973207 0.600133496287861 0.458788328041514 0.239139693115916 0.536478626812493 0.49436015834627 0.473959217799996 0.785843175636837 0.137006935849838 0.184065410852567 0.628968100275936 0.754121465526199 0.326144856035375 0.146853144700022
"2645" 0.118491506986776 -0.176490417562618 0.607492759658093 0.428634336526817 0 0.110155794683654 0.195205117600227 0.291850665905635 -0.14131649829844 0.438005759205815 0.423414203165409 0.427295944692942 0.290819196398524 0.370092159355154 0.330137985674165 0.23868784150495 0.198320548325064 0.61561652310564 0.479924827856822 0.430456750043789 0.281087880150315 0.0937815125878292 0.314164465464513 0.227857229738023 0.210568898893878 0.495889322044547 0.0639359087976463 0.206523756322627 0.459527233249294 0.501260713456466 0.199615478552635 0.176329327547527
"3067" 0.692343704317728 0.399709473033044 0.020005286286934 -0.0668700732962293 0.110155794683654 0 0.444375416271121 -0.248872802908997 0.179306971007415 0.284227833526948 -0.087885738196696 -0.000507315534385263 0.0652475897871895 0.158542920926527 -0.0545877725035931 -0.231492242196196 0.327810182116615 -0.0434177061522192 -0.0424306596945031 0.312235026164818 0.393325217267081 -0.412304656514101 -0.296868869491691 0.129449542497028 0.142276326679993 -0.105592724057599 0.278368345952794 0.318675464823135 0.287136984459268 0.0959114489748306 0.0626669570571452 0.373406995992973
"3150" 0.36263417282197 0.0540611834029655 -0.0607638001855839 -0.12171781294733 0.195205117600227 0.444375416271121 0 -0.191710881000539 -0.119335639348643 0.159251733721446 -0.123459780985289 -0.0631490723584878 0.0108199192243842 0.0506105533503984 -0.0917708198290295 -0.176703510354871 0.177801743744691 -0.0573663164893538 -0.0976148573902616 0.0515870431765508 0.0386359883101181 -0.250169733480105 -0.219380072394079 -0.132432568373349 -0.130567839254818 -0.13648227024268 0.032795805289532 0.160309719125983 0.0489901277261614 -0.0607484387100951 -0.0759529229160916 0.139537401903478
"3606" -0.289074843183944 -0.0795114221877619 0.446859295045264 0.48622990867998 0.291850665905635 -0.248872802908997 -0.191710881000539 0 -0.243391586788236 0.315542024658933 0.48779513190539 0.451384670309799 0.678727274941141 0.318863927563089 0.801492709609637 0.258079716513175 0.356388569610726 0.478195742666139 0.526304792664297 0.330481467333373 0.174685456693328 0.570887733000028 0.872562995678335 0.217719288052683 0.19538241972358 0.578812380452046 -0.0318316502275819 0.07689418353591 0.373074019375232 0.495808685536338 0.0694476428033223 0.40511207316023
"3686" 0.499165608786885 0.406905998146623 0.00174951159502334 -0.00484228344306506 -0.14131649829844 0.179306971007415 -0.119335639348643 -0.243391586788236 0 0.0843901592988565 -0.0265589825657075 -0.0641309888184165 -0.314833476441842 -0.123255410756496 -0.277440315277184 -0.0560282340047285 -0.295377589196214 -0.0985131237279152 -0.0770702655021325 0.133135703604241 0.482154344572242 -0.0310631279978148 -0.243999909039035 0.556152007114662 0.587016148129203 -0.0756558667621774 0.393704591023133 -0.0736780312600377 0.0497561094081111 0.0574822163226119 0.140238181179832 -0.104430498968465
"4261" 0.239749491092712 -0.049191293309438 0.570133519502704 0.567006535035651 0.438005759205815 0.284227833526948 0.159251733721446 0.315542024658933 0.0843901592988565 0 0.5503253091468 0.55240933169093 0.324425479773886 0.47389524215851 0.357684863473783 0.256715149457767 0.227818363287643 0.551473813012511 0.615172339296199 0.914438296155904 0.571281002582877 0.0329179555113433 0.341145603440294 0.499025832713474 0.487104853874605 0.630389801070465 0.241792930114354 0.286863478812725 0.661948957838771 0.700012158802951 0.305560349453246 0.270604633275873
"4929" -0.100502670826393 -0.251977543834254 0.629372707008646 0.705487754318602 0.423414203165409 -0.087885738196696 -0.123459780985289 0.48779513190539 -0.0265589825657075 0.5503253091468 0 0.793755508049721 0.352192816046075 0.464275919968419 0.446444580732249 0.410910771731176 0.119592965649944 0.643430922596508 0.715461148529603 0.58064212668129 0.432025536242572 0.24825833882939 0.538219898892916 0.506296603404577 0.484654714617657 0.783008816458975 0.119735096396716 0.175778309293957 0.611739951472475 0.738787255656564 0.317712461324087 0.136957289090964
"4930" -0.054005628634387 -0.224286739546083 0.620378327623419 0.741090372324931 0.427295944692942 -0.000507315534385263 -0.0631490723584878 0.451384670309799 -0.0641309888184165 0.55240933169093 0.793755508049721 0 0.36397375243948 0.472391684746975 0.436710125579363 0.377084459865143 0.172489764784101 0.61707537066004 0.685317491168869 0.582071990408006 0.421711638711884 0.203111312223646 0.49352478032531 0.422847731167777 0.401834372977982 0.72248527899107 0.117024490653673 0.211529589073598 0.613833111560692 0.713999411115482 0.306439531513436 0.178791309888126
"14553" -0.0891005443901328 0.0641092826222742 0.347623250947077 0.353886021267703 0.290819196398524 0.0652475897871895 0.0108199192243842 0.678727274941141 -0.314833476441842 0.324425479773886 0.352192816046075 0.36397375243948 0 0.332239673859992 0.775671507875089 0.120304131735413 0.535229165678923 0.374000189828821 0.409914571884002 0.33993053431913 0.151565681050154 0.424402008998341 0.736071124607052 0.0920135448416018 0.0724722127849481 0.421255267332609 -0.0114117258313138 0.19160330571441 0.377935973153083 0.407648912900501 0.0241709749186686 0.566911439258332
"16423" 0.0376707615488574 -0.140086910778897 0.468965990962981 0.472509904190176 0.370092159355154 0.158542920926527 0.0506105533503984 0.318863927563089 -0.123255410756496 0.47389524215851 0.464275919968419 0.472391684746975 0.332239673859992 0 0.355136589184307 0.260174537218292 0.243986903624638 0.47785885959682 0.529376014866439 0.498899284772119 0.34051133299593 0.0912750170041935 0.339633995305063 0.272592765980697 0.254751334045782 0.564107548485636 0.0947153737108365 0.245622161497939 0.527212227448072 0.563567783095035 0.241131472145602 0.22919565288658
"33397" -0.16027215827609 0.0367664239302848 0.42414123974358 0.448095777825255 0.330137985674165 -0.0545877725035931 -0.0917708198290295 0.801492709609637 -0.277440315277184 0.357684863473783 0.446444580732249 0.436710125579363 0.775671507875089 0.355136589184307 0 0.183325058065192 0.508710944519851 0.452839895648842 0.499380361484216 0.378805489074017 0.193453373116745 0.52851220853687 0.86724135233862 0.185152682509993 0.163961025710274 0.526322034285113 -0.000757440018237341 0.158541136848039 0.418420619258409 0.493154697731453 0.04776535682206 0.563657264267452
"37363" -0.255878806352152 -0.0791537499897833 0.368038601665427 0.409290280012851 0.23868784150495 -0.231492242196196 -0.176703510354871 0.258079716513175 -0.0560282340047285 0.256715149457767 0.410910771731176 0.377084459865143 0.120304131735413 0.260174537218292 0.183325058065192 0 -0.0373485630923925 0.400475914386617 0.44094513081667 0.269185384081989 0.123957189823683 0.248664080193933 0.287826215258585 0.18717522572254 0.168555821236915 0.480292599974293 -0.0290932653796272 0.0532809331939033 0.304703325919304 0.413137671208528 0.279921968310689 -0.0809228998899558
"48228" 0.109115989768094 0.165816394811828 0.155104621769849 0.123410881009533 0.198320548325064 0.327810182116615 0.177801743744691 0.356388569610726 -0.295377589196214 0.227818363287643 0.119592965649944 0.172489764784101 0.535229165678923 0.243986903624638 0.508710944519851 -0.0373485630923925 0 0.164048000121521 0.178048069722696 0.240938401403623 0.0937608385284086 0.14764011001628 0.364267879275649 -0.0617921011942107 -0.0733052448297643 0.155424515574135 0.00343696155700838 0.238618917868303 0.26453062276637 0.199898357705866 -0.0221095840393027 0.53434338561158
"48612" 0.0224659136633443 -0.266197844223665 0.846544016399349 0.650350904925279 0.61561652310564 -0.0434177061522192 -0.0573663164893538 0.478195742666139 -0.0985131237279152 0.551473813012511 0.643430922596508 0.61707537066004 0.374000189828821 0.47785885959682 0.452839895648842 0.400475914386617 0.164048000121521 0 0.705102167544625 0.574353525312645 0.400746802161158 0.233014263413208 0.523951131903639 0.409396809994956 0.386341619467839 0.746490045412779 0.0934065523754794 0.201138568377601 0.626653942941963 0.723258802309764 0.305790294745382 0.161793480852546
"50259" -0.0944030170018773 -0.273386393870593 0.699887811769779 0.724328281973207 0.479924827856822 -0.0424306596945031 -0.0976148573902616 0.526304792664297 -0.0770702655021325 0.615172339296199 0.715461148529603 0.685317491168869 0.409914571884002 0.529376014866439 0.499380361484216 0.44094513081667 0.178048069722696 0.705102167544625 0 0.648149817399163 0.463778381972769 0.251805043467537 0.576843022858414 0.479002054670981 0.454594238325098 0.838383973558333 0.12160180905596 0.224074641776087 0.685727046273617 0.809190851146926 0.346635080651356 0.184271754698944
"50341" 0.266590246783698 -0.0119900385060494 0.602690525786993 0.600133496287861 0.430456750043789 0.312235026164818 0.0515870431765508 0.330481467333373 0.133135703604241 0.914438296155904 0.58064212668129 0.582071990408006 0.33993053431913 0.498899284772119 0.378805489074017 0.269185384081989 0.240938401403623 0.574353525312645 0.648149817399163 0 0.631368477797001 0.0295791847926458 0.356310437967605 0.557338719282664 0.546324636749763 0.663444341840154 0.278534828716209 0.30489415991029 0.708029426235955 0.746067819186428 0.337074054126733 0.298283108319177
"54415" 0.49552189202184 0.207843148861075 0.47052004098075 0.458788328041514 0.281087880150315 0.393325217267081 0.0386359883101181 0.174685456693328 0.482154344572242 0.571281002582877 0.432025536242572 0.421711638711884 0.151565681050154 0.34051133299593 0.193453373116745 0.123957189823683 0.0937608385284086 0.400746802161158 0.463778381972769 0.631368477797001 0 -0.0929442460167266 0.173651398362362 0.703805474748542 0.710710591587987 0.475329104662654 0.421572895408648 0.22473722808541 0.60206809527938 0.610587444653643 0.297301098305459 0.237501313905236
"55838" -0.399416110412096 -0.0231829921988629 0.187450641270749 0.239139693115916 0.0937815125878292 -0.412304656514101 -0.250169733480105 0.570887733000028 -0.0310631279978148 0.0329179555113433 0.24825833882939 0.203111312223646 0.424402008998341 0.0912750170041935 0.52851220853687 0.248664080193933 0.14764011001628 0.233014263413208 0.251805043467537 0.0295791847926458 -0.0929442460167266 0 0.631701666769524 0.0234164920772449 0.00748211263364231 0.293771862275689 -0.131722600076205 -0.0748522983554989 0.0657295914364967 0.18746336081365 0.0661060744343119 0.168140040126966
"56741" -0.322562941034772 -0.0902745732508017 0.483020930330237 0.536478626812493 0.314164465464513 -0.296868869491691 -0.219380072394079 0.872562995678335 -0.243999909039035 0.341145603440294 0.538219898892916 0.49352478032531 0.736071124607052 0.339633995305063 0.86724135233862 0.287826215258585 0.364267879275649 0.523951131903639 0.576843022858414 0.356310437967605 0.173651398362362 0.631701666769524 0 0.255344496997674 0.23149265877776 0.628270113623538 -0.0305236980565229 0.0696823757171618 0.40135935328299 0.546832626980031 0.0779167139644599 0.422321056284642
"56762" 0.341428621639165 0.134301127149771 0.47632375809324 0.49436015834627 0.227857229738023 0.129449542497028 -0.132432568373349 0.217719288052683 0.556152007114662 0.499025832713474 0.506296603404577 0.422847731167777 0.0920135448416018 0.272592765980697 0.185152682509993 0.18717522572254 -0.0617921011942107 0.409396809994956 0.479002054670981 0.557338719282664 0.703805474748542 0.0234164920772449 0.255344496997674 0 0.969395215837604 0.520457196043576 0.396280020809447 0.104081961579803 0.517574535223028 0.600833489963297 0.293443383233836 0.102329220483316
"56831" 0.366228107985403 0.158674708366767 0.457726381578082 0.473959217799996 0.210568898893878 0.142276326679993 -0.130567839254818 0.19538241972358 0.587016148129203 0.487104853874605 0.484654714617657 0.401834372977982 0.0724722127849481 0.254751334045782 0.163961025710274 0.168555821236915 -0.0733052448297643 0.386341619467839 0.454594238325098 0.546324636749763 0.710710591587987 0.00748211263364231 0.23149265877776 0.969395215837604 0 0.491556906419499 0.408696333785665 0.0973654105417236 0.515079995541168 0.581172793984049 0.286798496419071 0.0981824968430609
"57737" -0.140929266721571 -0.31072884668103 0.732440299622262 0.785843175636837 0.495889322044547 -0.105592724057599 -0.13648227024268 0.578812380452046 -0.0756558667621774 0.630389801070465 0.783008816458975 0.72248527899107 0.421255267332609 0.564107548485636 0.526322034285113 0.480292599974293 0.155424515574135 0.746490045412779 0.838383973558333 0.663444341840154 0.475329104662654 0.293771862275689 0.628270113623538 0.520457196043576 0.491556906419499 0 0.116582843208569 0.209512172412532 0.707766589440584 0.848693522221578 0.362690977578275 0.163609652955464
"59778" 0.384485049083466 0.230557916582667 0.153527608132209 0.137006935849838 0.0639359087976463 0.278368345952794 0.032795805289532 -0.0318316502275819 0.393704591023133 0.241792930114354 0.119735096396716 0.117024490653673 -0.0114117258313138 0.0947153737108365 -0.000757440018237341 -0.0290932653796272 0.00343696155700838 0.0934065523754794 0.12160180905596 0.278534828716209 0.421572895408648 -0.131722600076205 -0.0305236980565229 0.396280020809447 0.408696333785665 0.116582843208569 0 0.0916978080604127 0.238220315723746 0.222042414535713 0.122691311967098 0.112105904267582
"66307" 0.187720373615483 0.0302779481114239 0.209775303502929 0.184065410852567 0.206523756322627 0.318675464823135 0.160309719125983 0.07689418353591 -0.0736780312600377 0.286863478812725 0.175778309293957 0.211529589073598 0.19160330571441 0.245622161497939 0.158541136848039 0.0532809331939033 0.238618917868303 0.201138568377601 0.224074641776087 0.30489415991029 0.22473722808541 -0.0748522983554989 0.0696823757171618 0.104081961579803 0.0973654105417236 0.209512172412532 0.0916978080604127 0 0.313487081948947 0.270803848953325 0.11946913421476 0.226515842236086
"66372" 0.198647972822743 -0.0707928597268321 0.627589821067343 0.628968100275936 0.459527233249294 0.287136984459268 0.0489901277261614 0.373074019375232 0.0497561094081111 0.661948957838771 0.611739951472475 0.613833111560692 0.377935973153083 0.527212227448072 0.418420619258409 0.304703325919304 0.26453062276637 0.626653942941963 0.685727046273617 0.708029426235955 0.60206809527938 0.0657295914364967 0.40135935328299 0.517574535223028 0.515079995541168 0.707766589440584 0.238220315723746 0.313487081948947 0 0.768872096247357 0.341770454648149 0.30100711946204
"66833" 0.0662388092714571 -0.175369185861755 0.728319872595157 0.754121465526199 0.501260713456466 0.0959114489748306 -0.0607484387100951 0.495808685536338 0.0574822163226119 0.700012158802951 0.738787255656564 0.713999411115482 0.407648912900501 0.563567783095035 0.493154697731453 0.413137671208528 0.199898357705866 0.723258802309764 0.809190851146926 0.746067819186428 0.610587444653643 0.18746336081365 0.546832626980031 0.600833489963297 0.581172793984049 0.848693522221578 0.222042414535713 0.270803848953325 0.768872096247357 0 0.404757329227295 0.267156855598432
"66859" 0.0594056956104668 -0.040153324667452 0.315905402208194 0.326144856035375 0.199615478552635 0.0626669570571452 -0.0759529229160916 0.0694476428033223 0.140238181179832 0.305560349453246 0.317712461324087 0.306439531513436 0.0241709749186686 0.241131472145602 0.04776535682206 0.279921968310689 -0.0221095840393027 0.305790294745382 0.346635080651356 0.337074054126733 0.297301098305459 0.0661060744343119 0.0779167139644599 0.293443383233836 0.286798496419071 0.362690977578275 0.122691311967098 0.11946913421476 0.341770454648149 0.404757329227295 0 0.10785522210001
"67506" 0.237737669257373 0.313480406541993 0.178945385056765 0.146853144700022 0.176329327547527 0.373406995992973 0.139537401903478 0.40511207316023 -0.104430498968465 0.270604633275873 0.136957289090964 0.178791309888126 0.566911439258332 0.22919565288658 0.563657264267452 -0.0809228998899558 0.53434338561158 0.161793480852546 0.184271754698944 0.298283108319177 0.237501313905236 0.168140040126966 0.422321056284642 0.102329220483316 0.0981824968430609 0.163609652955464 0.112105904267582 0.226515842236086 0.30100711946204 0.267156855598432 0.10785522210001 0
