"88" "104" "125" "126" "208" "253" "419" "432" "502" "549" "701" "702" "838" "971" "1142" "1233" "1240" "1296" "1676" "1799" "2542" "2557" "2586" "2621" "3011" "3039" "3320" "3598" "3616" "4307" "4350" "4566" "4843" "4907" "5599" "6699" "8092" "8429" "11488" "13222" "14905" "15697" "15802" "16937" "20886" "23357" "24303" "24389" "24660" "24913" "28995" "35480" "40990" "46421" "47563" "47828" "48294" "48610" "49101" "49643" "50042" "50129" "50140" "50224" "50389" "50527" "50854" "51015" "51023" "51181" "51420" "51968" "52108" "52116" "52600" "52666" "53244" "53334" "53441" "53461" "53633" "54161" "54253" "54265" "54364" "54823" "54905" "54926" "55089" "55690" "55887" "55971" "55997" "56071" "56146" "56176" "56217" "56280" "56313" "56380" "56434" "56461" "56473" "56664" "56711" "56929" "57818" "57834" "57862" "58626" "58674" "58678" "58873" "60092" "61179" "61324" "61595" "61599" "62709" "62773" "62841" "62844" "62846" "62921" "63060" "63108" "63181" "64747" "64805" "64951" "65215" "65359" "66472" "66666" "66702" "66837" "66842" "66856" "67337" "68735" "69099" "69218" "69455" "69499" "70011" "70141" "70411" "71701"
"88" 0 0.649075457069938 0.563309561945995 0.660989935599836 0.15602458027954 0.707415054413855 0.806734456533433 0.872272607958792 0.389233491246786 0.715280377287895 0.500924275008295 0.812662773518218 0.238296245281941 0.169193530923181 0.578692947041849 0.523038244112439 0.660563636762791 0.369681474528055 0.55372283787592 0.334249346860488 0.677778347546189 0.519292130204174 0.684738764591785 0.655998583073311 0.469810293401853 0.408130483925382 0.377922003813073 0.493599099377298 0.0658510954730114 0.544973224667086 0.505406114577452 0.596246984004841 0.405796325540934 0.268954914130213 0.157631148403117 0.832430592882964 0.585304466074824 0.352877090504357 0.736764559440911 0.621988210539413 0.761414285715737 0.486361106230055 0.453764386393755 0.609870967809935 0.349411994090048 0.512411018897182 0.646803166333687 0.464374639010904 0.0288181021201751 0.729183113375184 0.623021659713491 0.341827725937709 0.252921506931818 -0.0626923591885233 0.42793828171685 0.547734784814354 0.367124521700026 0.257418636288241 0.366341486410498 0.419077652388846 0.145271719832716 0.228532869937045 0.558946071012132 0.876297480538805 0.398913126668988 0.837316983745982 0.589010019638027 0.345554922492031 0.502933395166613 0.56271677379366 0.586275704135342 0.855815439751959 -0.00457768754174331 0.526315446364717 0.300421436150584 0.624228866922848 0.302621356655247 0.478960701469195 0.726330045542909 0.358574408102172 -0.0911799932680359 0.448799132406189 0.361800137467396 0.218310849743508 0.676620794621637 0.49475523878743 0.175904521032569 0.351375093053714 0.458945912000786 0.399076283483851 0.66105345579283 0.138855815091754 0.456750271527425 0.456052586155276 0.122313445095487 0.362314303622772 0.434101916801013 0.368426357989589 0.349263265851061 0.282087212184099 0.362267473098093 0.265603148054751 0.0817758819709669 0.253533813116486 0.345819540133531 0.206305786740848 0.0666054293358765 0.104141627710762 0.362038473620946 0.228974491533509 0.39297420124188 0.384334865900847 0.326853184268189 0.191184596505193 0.385228961794156 0.0937489613104706 0.194185091812871 0.198231875876024 0.485978847010798 0.148663061329826 0.404949071357963 0.312159154573078 0.426973586982473 0.0975776855572522 0.427712971878343 0.35185294781393 0.374458322412252 0.111201525357977 0.364665041147966 0.47209902907106 0.339092889363491 0.618741691363347 0.341364751089874 0.062401674109718 0.0913709212025948 0.131228748661947 0.146562012395702 0.581891904976055 0.34003405004498 0.410973735827476 0.383359067995511 0.326851828171043 0.29388655245094 0.376277084586295 0.129924071274896 0.401404137782638 0.415116144403591 0.507093871152197
"104" 0.649075457069938 0 0.918406613074493 0.905167652124249 -0.0452970787544486 0.655704438387323 0.698256154536077 0.730310114917722 0.361759474644787 0.437261213829671 0.320641617735156 0.597645145118653 0.0192535775206354 -0.0595162204387245 0.911521330310132 0.897799056916746 0.603113318040295 0.223387399830511 0.241924892783432 0.0845597724357012 0.548607145411527 0.292421460888711 0.445474561737207 0.376505324432629 0.0995817285349293 0.530535631366867 0.0715960182343153 0.250960161679365 -0.0586811934768476 0.293290616143359 0.445755884091753 0.272864220041242 0.149285060363374 0.0459068180643904 0.226362172963185 0.451145177408047 0.311470360327503 0.0782153412064348 0.27813366545776 0.40320979457262 0.544551663776334 0.285216141260334 0.107371456059297 0.428577590899969 0.015154800651581 0.168110501659155 0.665435760870667 0.32141420135308 0.0650447744392444 0.342571295379881 0.253992597486802 0.0897280941801069 0.0105778660750929 0.32569389690843 0.203235332108981 0.207460808129743 0.082969342171407 0.0301845045945329 0.126164506955912 0.141989842959636 -0.0886853247968585 0.826288593688857 0.188417547724681 0.459400112420113 0.0777031145969305 0.788415279711021 0.244639174744634 0.0929724211619595 0.194341299638725 0.151994038580849 0.284602222148572 0.419495879855111 0.408864905492851 0.183516811489342 0.47999576378739 0.246811801557823 -0.0510986782496381 0.14502984121551 0.342354179745609 0.0903616116513857 -0.046068961860603 0.116537674452826 0.0509352219884019 -0.00921661713429926 0.297047452762893 0.171431989054153 0.0290975373587506 0.0927874853424506 0.130397384056214 0.0878421324140319 0.22846465635759 -0.153104117662857 0.137108007677008 0.267130512396815 0.00710137984417252 0.096902791614933 0.119235896957337 0.136889306587757 0.064890979777301 0.0166384274969355 0.0493722676590601 0.56764184227646 0.196883185302158 0.0323924739994401 0.114798222399401 -0.00953532387043019 0.51322054676584 -0.0685032262350868 0.103615233035422 0.0773046148575346 0.0951640070944903 0.105278428592372 0.000181872239362039 0.0269484898577696 0.0975702144524808 0.139494332067083 -0.0956464503995789 -0.108683192786839 0.176154836242453 0.575820587308589 0.166939511339823 0.688874843520884 0.366530230614369 0.0567165023591365 0.125997967950228 0.660888343827113 0.313328924159481 -0.106366793987991 0.0780769769203225 0.0926460695726804 0.0694114637335851 0.573229160951032 0.0217784878435581 -0.158887328825882 -0.116441321157592 0.217566328411293 0.119624798219271 0.350508938947966 0.0731524093521204 0.0625099500826997 0.128089757391481 0.0220729265660621 2.97858199516965e-05 0.085818382362845 -0.100115727040273 0.0823548377692424 0.0616607434821654 0.0904070335574605
"125" 0.563309561945995 0.918406613074493 0 0.869573491949611 -0.0223861702129749 0.54700649969153 0.569603973326529 0.668347309259392 0.355283861569274 0.345290264812674 0.217844802194878 0.554585735284929 0.0491794556610887 -0.0618841146777708 0.902306994956687 0.899831947009068 0.566715317026945 0.221505970786149 0.227472537123693 0.133664478224818 0.477006336239604 0.315759964990412 0.45247835134813 0.303159538467504 0.116539333937192 0.573791453790783 0.111525258965014 0.155611339207429 -0.0423737974852269 0.264272018229711 0.30988225787734 0.285204366916167 0.183344515374272 0.0825886211228923 0.235922687450453 0.411705971719273 0.338646806735558 0.121276114605479 0.27176249829342 0.305062650503695 0.54028827340774 0.193352322841232 0.125174895906269 0.462031511315692 0.0626649871923774 0.170926781567871 0.626767363315505 0.299745935767691 0.0658878048694788 0.344122435804884 0.249800706099556 0.107471762832758 0.0537531542387231 0.359985923896361 0.232229888080159 0.233913191424011 0.111731982076597 0.0372689010262833 0.105417389220291 0.171534838854407 -0.068830212743168 0.83327891642317 0.192321260071132 0.371793652969118 0.120262579958255 0.752835395720004 0.272772387944693 0.135888667006558 0.216916262159329 0.125382422049376 0.313505427748034 0.373926475294991 0.426883666400976 0.20315715216496 0.488404092857593 0.242079222776529 -0.0627823767505282 0.154185800699506 0.334233222443878 0.121479394556721 -0.0175090364656722 0.136285419213455 0.0981571356955278 -0.0134850948375785 0.313089642281096 0.199908550720265 0.0407100615674938 0.109114186799691 0.132773435933287 0.127857726616239 0.185729036659289 -0.113741070957836 0.0503394033120695 0.290786077178659 0.0338786682120541 0.131461077505233 0.160097284485786 0.174864577099404 0.111153297871133 0.0613880071757999 0.0877675770564046 0.580282005009592 0.230585582025896 0.0577040519942341 0.155844009248486 -0.0244493650734092 0.516616481296589 -0.0418267047245149 0.142443430393033 0.104290454285509 0.144672906314493 0.128518525625129 0.0472356521577524 0.056005966490161 0.063944483891969 0.159307349661666 -0.0736975902607493 -0.0837919562518136 0.214111913696152 0.58647846623662 0.214293691553127 0.709780848690898 0.384903558111222 0.0886556262247293 0.168230035608069 0.707502227510989 0.364489857561556 -0.063034084742146 0.107584947882243 0.115899730948408 0.114845426207459 0.540996262163504 0.0731915899386329 -0.10963063786348 -0.0765234193483974 0.254600365534938 0.158591241417353 0.350657889261173 0.123825422034708 0.104927386593148 0.175428810597327 0.0630364838345937 0.0487565704786323 0.132212745761454 -0.0667471050455543 0.123384925884664 0.102860346330839 0.112629822940372
"126" 0.660989935599836 0.905167652124249 0.869573491949611 0 0.041135221520003 0.715978136195684 0.715654427006281 0.713770972915923 0.351955224325265 0.556216146829985 0.377405184083209 0.680923291986867 0.109664654672039 -0.0371764180184148 0.839479932237218 0.872845789788877 0.624667050142588 0.239502663629245 0.309804118690616 0.196380786451745 0.453251097110652 0.376437305234802 0.522785524596191 0.519103006430158 0.208883499559332 0.573015682877486 0.172597447001146 0.112510703756311 -0.0168435548378452 0.416812348492597 0.497686589154705 0.398093707888531 0.239399583630045 0.152064517246471 0.22631195489513 0.519880101871159 0.416589882980218 0.186352752454936 0.359808215358294 0.52449158039407 0.599732458456158 0.142724594106975 0.23087417826996 0.507570603401418 0.138275290563783 0.213639955289167 0.573553104043389 0.312328260727488 0.010923565003216 0.447134272678638 0.282173675382399 0.147965483623045 0.112985529987964 0.271683644653997 0.284370425239252 0.32338334895759 0.21354165952204 0.043919130731622 0.0878318706776619 0.220677152060137 -0.0415963261132888 0.698410378962523 0.231668752687744 0.537223712645901 0.184728907107331 0.789254808852936 0.359032470666759 0.200169594097508 0.278885813412801 0.155324274137028 0.387705461624082 0.463243780674535 0.334668787839695 0.281698292686245 0.403677484692894 0.309609972666658 -0.0497174907934316 0.269000708200262 0.395285977921758 0.17275699023335 -0.0279313639874097 0.213661816091022 0.17466019877436 -0.00517363357514756 0.403907276605554 0.281178281623318 0.0663410095498582 0.151008642501997 0.169730983911816 0.19428569938313 0.226523165423284 -0.0742004427641466 0.0249945770965314 0.375610578185245 0.0420326422427931 0.189583623532558 0.220319563431349 0.241594963756533 0.176407533048442 0.122830932188197 0.149704495879611 0.476537379670331 0.201631802256507 0.114059673644272 0.205664336472176 -0.0220235917023393 0.387796796726997 -0.0100109086421204 0.193527376606826 0.103317202771176 0.205952870942204 0.180582284084713 0.11983701699193 0.0946069062618011 0.0683824505160614 0.13845709542512 -0.0394614051480958 -0.052732882543049 0.284440168613087 0.47775109754632 0.263276734560035 0.616980956532221 0.434597159669632 0.0904405309303837 0.227572402522131 0.641443192605719 0.377299176947867 -0.0249646016389693 0.16391008239695 0.172671276404585 0.177511328998739 0.523787319670301 0.141238044159588 -0.0619849268120308 -0.0382827234529363 0.22389434644186 0.149167181841114 0.353835960171793 0.185198468036453 0.172366142026917 0.228977398776382 0.127904327855161 0.118354491485962 0.192283162766857 -0.0351581858215013 0.183459125111538 0.170124013721502 0.170395295146945
"208" 0.15602458027954 -0.0452970787544486 -0.0223861702129749 0.041135221520003 0 0.093633732102012 0.0408458138862372 0.12811749621024 -0.0599052964433483 0.226642214147715 -0.0292349149164571 0.279898672696484 0.329019012069821 0.0305862819525215 -0.00763251934719706 0.0536712674972423 0.250952554501453 0.205636501567295 0.357417125487291 0.445808223712879 0.0241646735466042 0.433114414076818 0.316038071830978 0.278445164128972 0.447059258059281 0.31552604198575 0.439128252487502 -0.146715947506874 0.220243837899172 0.395170213986358 -0.00953260457596372 0.380092962726049 0.410287512230738 0.36690026411751 0.0825509975728703 0.293806323145939 0.368042109270317 0.459477914296781 0.344763822281191 0.191182367909583 0.288033379944014 -0.151076724090881 0.467235784510782 0.338120721751128 0.481156809756849 0.350999278126446 0.078813329175467 0.170089214054656 -0.0665939728577994 0.38112862669618 0.355667576928991 0.30870992289469 0.382944394122327 -0.0833252555388206 0.400495125971912 0.379974877498322 0.460813351242231 0.0178146979601291 0.263420843177521 0.40323959403608 0.0719415688636016 -0.175009118024384 0.369367720042396 0.246156412129175 0.460028245244516 0.169107219361566 0.39158578527731 0.433207102046964 0.434430518156494 0.267854886414708 0.371733523119455 0.263683288547065 -0.123717347595533 0.34050370325438 -0.139844681223713 0.411190064764986 0.00292405777805861 0.450228492318887 0.293959016144663 0.38122160171 0.19375884450441 0.432156171296012 0.485285384911271 0.00339909555412747 0.385837179271082 0.35677600925547 0.176740853953001 0.310845100025619 0.312312480175659 0.457283081312526 0.262535854677971 0.450156933792294 -0.0947868492622134 0.436762246107632 0.304874175122847 0.403323090442166 0.472173667350815 0.427203315274976 0.456870356283027 0.41388870758641 0.425004297089891 -0.164958475043133 0.19655384103434 0.327219158444388 0.402963901783741 -0.0196594316581373 -0.0344591645129281 0.0850774291579082 0.413570100820076 0.394130330499974 0.4810760063344 0.366396404331164 0.463809764484705 0.26632217579622 0.269577298161296 -0.00927379428400399 0.426267208672822 0.431895094604807 0.365301836098636 -0.174470381655507 0.456620068538271 0.0333189585417004 0.339023935206029 0.509735049830663 0.466086773996319 0.183346966298087 0.376945097978268 0.773924348188054 0.387854215503346 0.42652467201726 0.448428115628728 0.144625743149876 0.462690835459897 0.464230977215319 0.118939258406182 -0.00286052798108997 0.0357064073494201 0.305617235924814 0.459493800432721 0.476506945275606 0.451562638277962 0.425485149307284 0.445832369949688 0.460421106024993 0.40617123803805 0.454221239736672 0.474534506373447 0.440997077880636
"253" 0.707415054413855 0.655704438387323 0.54700649969153 0.715978136195684 0.093633732102012 0 0.936924761557049 0.605223992828237 0.215657195738222 0.893413386906277 0.706238309542758 0.726494920599395 0.12205832638165 -0.00110466834915642 0.459486316940441 0.54580954632098 0.571673739249961 0.167492280171214 0.34519225490367 0.134212769873073 0.340740988825739 0.301711791094731 0.433278901233942 0.858495407216306 0.251845414102001 0.296045462831853 0.130167674573188 0.0772220077053832 0.00204486219771484 0.595904769453506 0.909316978074571 0.425980723033595 0.193328124957295 0.131088634343668 0.115588435305913 0.557158107816821 0.346802931053544 0.150817163508996 0.356824842200853 0.916552259961535 0.480306874433738 0.0812337346077929 0.289706766353261 0.336143181672346 0.128666371786475 0.166970773019077 0.297794227206453 0.230337687164128 -0.109241832496544 0.437517100916233 0.202633340093493 0.114728939291129 0.100200210888978 -0.015233999516019 0.212329801334258 0.303934442493355 0.264774981204423 -0.00690378405841953 -0.00040247381690901 0.15843646221541 -0.0318512503342121 0.219568195192812 0.171479614731068 0.758801262136858 0.138193997274587 0.612725409509536 0.298609022701871 0.1430242601622 0.227856115996795 0.134451583953156 0.314563332068008 0.484386034479994 0.0430334549978414 0.263956599344068 0.0797461474100592 0.287479634726245 -0.0405177771660462 0.350076884234931 0.327045606722051 0.131476558423455 -0.0751234486474324 0.218419134528385 0.156791778597427 -0.0142464376522471 0.36537676856118 0.255082899100742 0.0571545595545061 0.120753325123215 0.131134882398108 0.151249805125299 0.221988553132378 -0.0455682225282165 0.0377872414984588 0.350650196750029 -0.012809246486715 0.154717777182316 0.160693526631228 0.20348288251436 0.138645915142798 0.103221164005114 0.128161300922284 0.0960469550672518 0.0306809663160039 0.116178836742042 0.141083894227453 -0.0200605424839819 0.0224186400486353 -0.0027441789713626 0.134074221637021 0.000519280975380724 0.14751382217511 0.148548846387957 0.112993215523621 0.074640051851482 0.0554773923475125 0.017932361095973 -0.0267542637915501 -0.0443594280118523 0.231852827931557 0.108345056918748 0.157862001830106 0.206775325653234 0.336532844464611 0.00764761104465113 0.159207758883184 0.231194417753908 0.188385898465813 -0.0346810075857801 0.136562822418785 0.138655017748575 0.13487081673865 0.327353831657873 0.125247154573579 -0.0434853121660601 -0.0311498774928186 0.0301678974142228 0.0102038360235614 0.188850695873065 0.131215449588607 0.134778846607603 0.149360574554026 0.113420542788536 0.108275044864642 0.137996775297643 -0.0376170154196291 0.136158060392306 0.134098764691937 0.137694978382836
"419" 0.806734456533433 0.698256154536077 0.569603973326529 0.715654427006281 0.0408458138862372 0.936924761557049 0 0.7131517387776 0.258176884215357 0.84409266703623 0.696765142924039 0.714924910339239 0.0734595633333215 0.0364811631473188 0.506440312895821 0.515820243155074 0.587338441050453 0.204598796668511 0.364188372838128 0.0733426895643949 0.52938128005383 0.279144904562228 0.432544237983762 0.770979544364295 0.229177879258078 0.239949818203995 0.101329136819376 0.345349125491438 -0.0170432787660771 0.52433621337269 0.873918975771378 0.375861359878515 0.162736719161189 0.0774094853412366 0.108569586889341 0.607330319557531 0.313293181868636 0.100818657311062 0.407111703093129 0.838774193642082 0.505824006370878 0.342488783742651 0.240824704639543 0.315971838111707 0.0733111808513325 0.221323110766668 0.450337635225093 0.304075642348585 -0.0444778994473402 0.440518922798831 0.294625690982336 0.122383732878318 0.042281002352473 -0.0416777168224986 0.188691277135569 0.271556308976066 0.182313823291311 0.046241378318658 0.13555698818755 0.150269201446693 -0.025398591155076 0.253944489759289 0.237662522844143 0.804173246168087 0.104785352117643 0.670157926096481 0.275783432500047 0.100014592344871 0.225643432151236 0.258072488184285 0.290402299722603 0.582008687444882 0.0392130019331845 0.252424376155987 0.154826155143172 0.335262156592909 0.0638748920844533 0.301842296053787 0.396011972250664 0.113163023811613 -0.113553973315264 0.199856188031145 0.0954148998747804 0.0501643890336609 0.362538909648648 0.22471896969858 0.0559134146266616 0.130504624109444 0.190328585992353 0.116193824995017 0.370649965535868 -0.0619615364988054 0.287055525906502 0.285458953341215 -0.0215360296352868 0.123228523578837 0.132900367960111 0.144555379568352 0.0838517333705812 0.0498074198533196 0.0927241786603742 0.158333510346336 0.00112772897222191 0.0759620685909835 0.100793604373568 0.0617920657169809 0.0814467151740552 -0.0287437127817214 0.104696705322067 0.0230041777703124 0.0981317864153938 0.142371165966619 0.0578350832560027 0.0396944694947316 0.184825407030491 0.0151045928778177 -0.0161149668911357 -0.027362294046314 0.197981017932415 0.14133560079794 0.117887715168162 0.22867956963844 0.290131804883276 -0.020839064726134 0.130539765042376 0.20648819342908 0.141729374455997 -0.0762713398801276 0.1185117425878 0.154812901949125 0.079674613445701 0.443513578223719 0.073097320898216 -0.107341692988153 -0.0741093331290627 0.0110488489946395 -0.0106259697804203 0.274561246706352 0.0722724955325631 0.10561212685457 0.106409907479409 0.0741836007612654 0.0462472424216569 0.0951495327929768 -0.0556852055525916 0.108190933415964 0.108564486182318 0.16865306623372
"432" 0.872272607958792 0.730310114917722 0.668347309259392 0.713770972915923 0.12811749621024 0.605223992828237 0.7131517387776 0 0.420460225156663 0.58388674882938 0.375733506260869 0.766405601823183 0.215531063894467 0.139738593641184 0.704756794446203 0.634719833933018 0.660743282031162 0.374115280487483 0.51048753010677 0.326218009961233 0.690488969714533 0.516006158196713 0.683585811857654 0.518892927460405 0.419747641023566 0.49012036200333 0.365681350429012 0.477781509437015 0.0508475787586927 0.459663409102305 0.361239675909599 0.554077016274475 0.394742246285431 0.252697688022931 0.192550486758375 0.776959654101591 0.579779055360278 0.33885055110225 0.690965439679721 0.471707238259927 0.767074228613399 0.480386231207234 0.404720611157949 0.637596396556261 0.324837417135143 0.491577162100962 0.72172194522606 0.469698360428516 0.0674278465122851 0.691846335851072 0.608824490409685 0.336917306862789 0.242087296216121 0.0519664985997377 0.42644746162296 0.519989363283463 0.322301765586312 0.255846931019172 0.369183456177057 0.413504833644675 0.124386618258806 0.408464860274148 0.542096044121631 0.760545012246991 0.38081158023892 0.868930186848693 0.571691726317777 0.336539498168816 0.485554248919041 0.53020609933228 0.579477327075852 0.802513059316358 0.111602183448548 0.497637283895823 0.404666757037556 0.593014640698401 0.269290972033497 0.41650571512941 0.706154839534692 0.346477541522751 -0.0713966718589607 0.418281930151413 0.338535553137351 0.201674833458222 0.646867057215927 0.47022827971112 0.165560941815872 0.336489150949991 0.439582773147879 0.383577354397538 0.624980907458627 0.110868382551486 0.421163354363067 0.439273212399781 0.129645788418561 0.34727766731067 0.421886291071951 0.353180145584967 0.336886907897064 0.265402879783569 0.338793688771151 0.395838049084823 0.134056694941856 0.231791095745411 0.347489198971552 0.187165354320963 0.205774645548033 0.0889151677799749 0.356161165513012 0.245179945455593 0.383558689278762 0.366480708879771 0.29892213672289 0.182907243725914 0.361971980802769 0.131807042244131 0.166490396622421 0.170888765371389 0.47149002499412 0.286050139351042 0.412761337053419 0.457302485864914 0.446371168821249 0.11150379851556 0.418317236434033 0.488538249435082 0.420950019850213 0.09739625901835 0.346961921505204 0.444744289981501 0.325203028623462 0.657674106234623 0.318030087645845 0.0410808949146947 0.0825944577994691 0.193716190940095 0.191881880086379 0.609413567060988 0.331407375355353 0.389130506438869 0.384859056853043 0.304300380635391 0.27295056911195 0.365538020563583 0.115252032414217 0.389026306474138 0.392438403084422 0.475832765908031
"502" 0.389233491246786 0.361759474644787 0.355283861569274 0.351955224325265 -0.0599052964433483 0.215657195738222 0.258176884215357 0.420460225156663 0 0.20845598920518 0.250698169962639 0.369167511896965 0.0896632896227685 0.252184982050601 0.388920162623206 0.360110871535627 0.250073210428348 0.302253177017976 0.184966296684147 0.149395049619255 0.255775164096704 0.215303072689566 0.371206971708428 0.194714041640407 0.158217216227862 0.244363793321443 0.157156583088163 0.154543886957174 -0.0318584304177112 0.140782124111279 0.0548992187879048 0.302903002670541 0.166731958997226 0.109653536406641 0.0939805724475462 0.377126326371465 0.333342165544399 0.148159365929982 0.358885685299664 0.14550830007742 0.409579965054609 0.161891433955234 0.150018247533026 0.377427879746155 0.139507473829731 0.194987369189595 0.303894298722136 0.184757446155302 0.211227415268692 0.368292113190747 0.2412038717656 0.135407516129569 0.105230384662881 0.211385987865326 0.182826926025934 0.299024900576181 0.125563875793657 0.44606530113411 0.0345002918662462 0.175604225241608 0.358880972351779 0.25510594571635 0.215639362627803 0.31680731273056 0.164188732957301 0.443948401629116 0.331050435171628 0.150399988047209 0.199614276161061 0.19612000156744 0.334626851956827 0.385084079936214 0.202183534296386 0.28116788203742 0.530398768015055 0.22729584561131 0.413991152902728 0.149861582814103 0.371219696277029 0.147830893524313 0.0918829474181604 0.164209697674035 0.146786687667168 0.320481950049323 0.357319819195302 0.274533400471546 0.0678874770675044 0.137543699650076 0.173280929064923 0.165253269575378 0.221425298304741 -0.0630218951432059 0.129098344368505 0.179813907468714 -0.0190981333578726 0.148745772725796 0.182169239044038 0.153029669420039 0.148356096801689 0.117994048969723 0.143281766854339 0.499791373342601 0.0216881789197058 0.0970999857927848 0.153539182487632 0.249672802569991 0.246567854224119 0.290520968623396 0.156813427883613 -0.00574758087626311 0.170821916101153 0.151594194036227 0.129862106906553 0.0818054896486511 0.0201749311009067 0.248039561767651 -0.0451977455947451 -0.0456051317851365 0.283187705612342 0.307847626030068 0.188609686956027 0.244199998938186 0.190520751086212 -0.0122867339334867 0.182767197750572 0.264743205296437 0.205774266178078 -0.0575390310474246 0.145345992860012 0.181478710516862 0.145328193922116 0.271053212225994 0.137983969684713 -0.0742133267201563 0.331402893324836 0.393212442084327 0.420844752786247 0.256126334668856 0.150700514685062 0.166737440074105 0.173115891677157 0.13069614235991 0.120275144405449 0.162468431083952 -0.0489857772890012 0.166805889585098 0.167345495089017 0.19182568339176
"549" 0.715280377287895 0.437261213829671 0.345290264812674 0.556216146829985 0.226642214147715 0.893413386906277 0.84409266703623 0.58388674882938 0.20845598920518 0 0.688984559534316 0.786911698451577 0.269419000878721 0.0917734094699018 0.27940390029945 0.378731264885508 0.542501585781784 0.222211060555855 0.469179131017474 0.322220222610946 0.273683077259283 0.43535695803724 0.548315134021346 0.941331140642144 0.445196032308491 0.295668699939672 0.3201106036688 0.0118540312902075 0.0825718531516691 0.706645922540942 0.810204505172893 0.604624413640371 0.353331652583936 0.288674823771709 0.0950617185552817 0.679376398554654 0.514086525196571 0.338628103388689 0.549208894882646 0.941910259446943 0.567235509211029 0.0017433694959215 0.485024704974613 0.460346558896051 0.349843345182838 0.313478605311602 0.203109408969208 0.252143088265474 -0.145244390271578 0.62027107475926 0.337992188530187 0.24785817734056 0.271934278888906 -0.154094171974613 0.353513106161724 0.500570759110209 0.45368006517366 0.0928011670732629 0.0492321198846348 0.318734774291673 0.095526882867642 -0.063846278960985 0.323526777041762 0.851356733409413 0.33879962256968 0.585283716801355 0.499642309371463 0.321631710279199 0.394615224401429 0.262805384933001 0.490318850548984 0.610367507112981 -0.131010097324599 0.446866227023115 -0.0191649963208707 0.443389019254698 0.0813960081578176 0.530281113965622 0.475867853883593 0.293611604837546 -0.0554595601871681 0.402293214296646 0.368802903901713 0.0678682249840868 0.557008148057697 0.443765902875511 0.137750377857597 0.254831095751978 0.269011498447397 0.345199204818706 0.333657071931142 0.131131477857431 0.022601241110813 0.48198597795291 0.0697030415005139 0.320393754018042 0.35749895138577 0.367677937524522 0.335446539634935 0.288902270965809 0.316034512896244 -0.0519164706784871 0.0167441430289125 0.262231104270707 0.300641234183538 0.040488131572876 -0.20129492217149 0.112849641473183 0.302977166171762 0.0903678497008861 0.344602307912636 0.304611338105659 0.329757800034765 0.191347753252682 0.116676412320977 0.0173136839343482 0.129639363930607 0.11778936170617 0.422442920117951 -0.0910329509047249 0.331851219434411 0.0447649769940715 0.397881675637309 0.0640500994479569 0.350563672964576 0.138041693971967 0.277442159224816 0.122296821976654 0.305579964768622 0.333851471527415 0.325465328048383 0.279525736224755 0.335161517690087 0.13234336849289 0.119501518239225 0.0329193435790433 0.0678916816334631 0.271527090117009 0.325932655232142 0.348035394351597 0.329478751512027 0.311745544483705 0.314237887459375 0.333438976518413 0.109130381937261 0.332734779223017 0.347502000772079 0.342147542514958
"701" 0.500924275008295 0.320641617735156 0.217844802194878 0.377405184083209 -0.0292349149164571 0.706238309542758 0.696765142924039 0.375733506260869 0.250698169962639 0.688984559534316 0 0.474773632282015 0.035338665102739 0.151791846338063 0.143386507031111 0.192166794859893 0.289033262972953 0.0582586142411039 0.19462743827221 -0.00534891356186052 0.19848267515175 0.0986501990945512 0.237925125372776 0.652915198422948 0.123131465465352 0.00257025705147377 0.00944440214758038 0.118978795109283 -0.0430730414825619 0.381504928925757 0.731922401046293 0.265358804381147 0.0469867064290838 0.0247405575811376 0.00774394812940194 0.388486867321865 0.179537331345659 0.0194404851569585 0.246058005673554 0.715271087534894 0.263809195355529 0.107216701377815 0.143934902067419 0.135442696284635 0.0133134468834629 0.0614107274941906 0.0843076744610905 0.104438420064347 0.143188473199558 0.276811208313215 0.0771076037242546 0.0275544328050427 0.00164732993206183 -0.0527147828749705 0.0503819312758312 0.175479152546067 0.116621871219519 0.217384857611941 -0.0838767248536229 0.0263342940441698 0.147261936208493 -0.0558384667565997 0.0581474161391968 0.590774273249277 0.0110955555648144 0.332486377598438 0.160729936870042 0.0076937306836934 0.0722385518514156 0.0794581073695349 0.160938303585056 0.352859743163526 -0.0287620305993876 0.15881896852362 0.130660913900033 0.137257432017887 0.219779043175105 0.189837957761233 0.206062882981473 0.0199645264145229 -0.0126732904282528 0.0882386437793446 0.0240143313897445 0.240247955084715 0.21774869998841 0.143452276013688 0.0136973352632521 0.0329231011397266 0.0487071996171406 0.0179341721851975 0.148929727312635 -0.118520739881592 0.107655721643629 0.138860322362602 -0.108187256486267 0.0283725467426355 0.0173797830841265 0.0481271159705712 0.00801672261585979 0.000668853849204615 0.0149994174805478 0.0892106964369365 -0.122525851563234 0.0296142784140584 0.00582744751784296 0.128338183409098 -0.0318541945744652 0.17966577789997 0.00733462828490096 -0.139889761840968 0.000727199141363519 0.0389038983977164 0.00596523071125319 0.00156610377072736 -0.0177400996172152 0.0616831615325328 -0.104318713832189 -0.116665238667301 0.115042393423252 0.00225137785546654 -0.00674798373411641 -0.0654595716398262 0.112176909732065 -0.107690848162629 0.0134270790595637 -0.0766782328703482 -0.0244576843447621 -0.133784006484707 0.0289559763350779 0.0326007101386206 0.00513053099610412 0.121224639885498 0.0100418693342367 -0.131169572017997 0.143098439152452 0.0945407305701687 0.128850393673608 0.0305088144453671 -0.00456009061355641 0.0123782444819365 -0.000583859299880085 0.0111983569483164 0.00255446434958947 0.00149376644210747 -0.118702396558519 0.0101532462254192 0.0137827339743375 0.0363848333194252
"702" 0.812662773518218 0.597645145118653 0.554585735284929 0.680923291986867 0.279898672696484 0.726494920599395 0.714924910339239 0.766405601823183 0.369167511896965 0.786911698451577 0.474773632282015 0 0.378698178280069 0.142256404897672 0.556371344234676 0.612850034236502 0.665488035917959 0.364320123118546 0.588358998411992 0.516653416705748 0.411367488784929 0.643896020650097 0.779530482641934 0.793987590468009 0.5853244937096 0.572695077052668 0.516724464122632 0.0830715834013592 0.12224629814107 0.689116342459041 0.477594840592291 0.761149659106021 0.534102041593074 0.424609794231468 0.193283650047625 0.83363446056393 0.741000631530646 0.521649188660676 0.76007995906072 0.712446183237119 0.815971390195333 0.0866267375104418 0.609448194026163 0.752111705098857 0.531395552133524 0.512388224685757 0.467460365245844 0.40267004374813 -0.0601691351408097 0.829783706704446 0.573153664271741 0.399208248137622 0.415477726230281 -0.0124440516506834 0.551244706843675 0.700816987840991 0.567007535932161 0.23421815766913 0.207638251117937 0.521292743043393 0.182686846865175 0.190620953978796 0.543576926372856 0.84123283556553 0.544321730312737 0.820031973396197 0.736938621384706 0.511967029266309 0.599330931739632 0.44058918709924 0.731480995185327 0.788133641542057 0.00274949091270704 0.637700737008055 0.231194681365616 0.639910706653662 0.19290003334291 0.62422181983483 0.718841753163319 0.469106560628146 -0.0198447717865196 0.564584025405849 0.55312376637573 0.157118361611079 0.789567650061021 0.638591545060474 0.215989216544695 0.405703466107912 0.446373962598895 0.545181492663995 0.503371307209211 0.229058266968443 0.0828041214135768 0.634565362951575 0.179972837504624 0.495014741999223 0.576132590286565 0.53856643640576 0.526657687717859 0.452957423363329 0.493326765409178 0.210679278446219 0.155707633508678 0.377289799901733 0.492493656213244 0.107583937812795 -0.0231122310652051 0.187357650298996 0.496958930133243 0.260249366294538 0.563947365857352 0.470484922680457 0.50290661622491 0.29944896672296 0.225861155627568 0.127358132137743 0.234428555773546 0.23271233311567 0.642126316351891 0.113736507380874 0.570137515134412 0.325061272879087 0.564943212122107 0.174851432130634 0.574477285408295 0.461788587589452 0.533702295250847 0.235748531835069 0.474602480273045 0.538779301578891 0.513456012446768 0.499272859400224 0.514842480102022 0.225025133733376 0.212093706322786 0.208455299041656 0.234716643598406 0.541309418314601 0.527237346294602 0.558016290595283 0.548413343202672 0.477288038066875 0.478142770449698 0.540040939692689 0.214964328165042 0.539586456948383 0.557032674388506 0.558803896495778
"838" 0.238296245281941 0.0192535775206354 0.0491794556610887 0.109664654672039 0.329019012069821 0.12205832638165 0.0734595633333215 0.215531063894467 0.0896632896227685 0.269419000878721 0.035338665102739 0.378698178280069 0 0.170902692221728 0.0762934671008859 0.136582603396974 0.379737072750083 0.289427976953059 0.472935054941771 0.571615065155825 0.106191159590254 0.573481721763006 0.425749659574239 0.325751043091189 0.571407657463213 0.450957850277419 0.563572723450499 -0.125447156268169 0.171702239573412 0.492648114941628 -0.030076074381569 0.480046427015317 0.533960504582595 0.464999004663458 0.127788729646492 0.393643821078204 0.477502179068557 0.567092201190904 0.452002843273828 0.216604511031936 0.402214246261013 -0.127344190875344 0.590357944989663 0.456642608797984 0.607579591430637 0.473196005178369 0.190365702919084 0.256771939006865 -0.0602171001729451 0.492784803368171 0.493418541430962 0.405207851180651 0.483078646025532 -0.0669035556535279 0.527770605545095 0.482705075159197 0.574747899541433 0.26484405905752 0.160298454811462 0.526887871952273 0.258992225447269 -0.13104201951529 0.511684151066869 0.317071892628491 0.605132341005968 0.275422504196462 0.50275863738823 0.556729993610008 0.572195837435859 0.3753994748826 0.48249534882942 0.368534325366143 -0.109466126389669 0.435198115937619 0.0975694832394703 0.551565633932328 0.221058282204229 0.570165171426158 0.401253407966018 0.494518463004127 0.0453852899772887 0.55718671295257 0.613601169114532 0.172212046447067 0.499615113056934 0.452696613982872 0.228855510207985 0.408223243652903 0.421123994317996 0.586970238018118 0.372466410764858 0.350969047664881 -0.0725250459199987 0.563260324115418 0.231261443310869 0.52044313034097 0.60921332829687 0.54924836949651 0.583703576429359 0.517888787201189 0.54440441400775 0.0492096909195126 0.145312015101229 0.414172097157111 0.52244604780704 0.106051024577523 -0.183658430529257 0.26001153796266 0.53003295108478 0.287157382127962 0.618123552987635 0.280207892956766 0.584863084620559 0.338814316116375 0.17205955534037 0.117272176903279 0.319266879736431 0.326397135155612 0.465513835243443 -0.0634604311507414 0.597361219195559 -0.00693986649967894 0.245255213377393 0.212207779809617 0.604848653634099 0.305910976387624 0.507400217534479 0.351410725575463 0.501123177563011 0.558119282751398 0.570237191191391 0.255208548116661 0.586944312492278 0.369029189602112 0.324848232923345 0.200890995101834 0.264817157445454 0.441581255412936 0.588018837749079 0.611511070546505 0.586052075258723 0.540922013471173 0.559020660428138 0.592758896139826 0.315106832481512 0.585568536419351 0.609373138253905 0.577003767003151
"971" 0.169193530923181 -0.0595162204387245 -0.0618841146777708 -0.0371764180184148 0.0305862819525215 -0.00110466834915642 0.0364811631473188 0.139738593641184 0.252184982050601 0.0917734094699018 0.151791846338063 0.142256404897672 0.170902692221728 0 -0.0335911923927206 -0.0648021101987495 0.149952191229042 0.156995106278383 0.245010732854778 0.231293354275087 0.167896116113465 0.243892671161867 0.181299406438381 0.0930199641529831 0.271949390196059 0.110535212022763 0.257110232737907 0.151427693630377 0.0278383241278217 0.180446905820865 -0.0498387518495395 0.19213297248219 0.233057888516715 0.18832154896303 0.0285447318901044 0.222298795037249 0.191945374686623 0.239058774481838 0.26577674386729 0.0451477379117735 0.180835326277906 0.138877245512783 0.258437208699133 0.17330744103523 0.26397264881894 0.276766680072318 0.149409415979794 0.163123727223954 0.173180089093858 0.236306303826169 0.309968438062549 0.206844095236954 0.197548763239665 0.0153740967348581 0.227928071189085 0.208877625392492 0.222359295181913 0.504863633723022 0.079104262970419 0.24861420535633 0.411088969690915 -0.157660305680995 0.300577366792963 0.193235862525167 0.267083598709564 0.114699425646757 0.222712117173197 0.231272618217665 0.272292908043098 0.294384435483981 0.205564219935956 0.25144081245028 -0.0215019062429762 0.20601622133613 0.358346390055107 0.306071844484832 0.524437418221458 0.244514181216475 0.24389304762098 0.228978721061298 0.0886481845418583 0.262915838667432 0.256970737310188 0.386495769967321 0.236070569236699 0.198122111691647 0.114688122242406 0.210316367207798 0.256377961293818 0.264491258526103 0.308172652317349 0.076072615221735 0.177505463462184 0.205061687019342 0.0249599463723008 0.229087968297035 0.276833392437511 0.216927104503761 0.245971894600248 0.217598175484007 0.247284271590221 0.271209400300883 -0.0505085908083891 0.176986829732978 0.219909430083788 0.310419956781674 -0.0176055721292246 0.362005908895555 0.23399663902951 0.034712226552082 0.265345938186635 0.0450257878301093 0.253870589381078 0.140557132854456 0.0872628961968588 0.202348337354418 0.0771604536340918 0.0847663991182074 0.198453915366772 0.0417033790455165 0.249326906635116 -0.142443326438937 -0.0448219938988133 -0.00362468019163818 0.270365743350205 0.0368487770177532 0.176906296255731 0.0495795755894539 0.235126090691799 0.294950471795613 0.236951917531744 0.160703240592966 0.25515308486047 0.0486511756242536 0.426107685341611 0.31875778778638 0.403462075584207 0.260562403113036 0.241292270613015 0.282623368592859 0.246819405067535 0.240924132537682 0.234125541745386 0.25628653202581 0.0577967387084748 0.268962228172039 0.28467188175648 0.316788186733612
