"60" "81" "117" "191" "457" "650" "738" "834" "1039" "1171" "1232" "1280" "1378" "1611" "1612" "1613" "1753" "1780" "1818" "2041" "2054" "2119" "2213" "2982" "3005" "3016" "3191" "3944" "4113" "4232" "4767" "4785" "4844" "4846" "4938" "5207" "5284" "5287" "5352" "5398" "5444" "5842" "6097" "6523" "6574" "6660" "7012" "7185" "7186" "7260" "7502" "8278" "8571" "10404" "10425" "11136" "15833" "16244" "16478" "18132" "20403" "23194" "23355" "24385" "25006" "29754" "30411" "46671" "46675" "49555" "49565" "49646" "49942" "50023" "50447" "50621" "50700" "50927" "51541" "51567" "51850" "52135" "53516" "54044" "54169" "54434" "55280" "55920" "56048" "56237" "56318" "56410" "56821" "57010" "57139" "57589" "57680" "57721" "57974" "58532" "58629" "58872" "58930" "59015" "59448" "60244" "60418" "60472" "60894" "61070" "61176" "61250" "61440" "61441" "61463" "61816" "61918" "62107" "62459" "62473" "62814" "62871" "63205" "63502" "63510" "63982" "64106" "64243" "64886" "64955" "65155" "65192" "65915" "65930" "66323" "66623" "66797" "66898" "66989" "67107" "67702" "67994" "68562" "68651" "68902" "69057" "69690" "70581" "71477"
"60" 0 0.190608154286066 0.221442890917254 0.0474486248406576 0.19935420692838 0.219356302330734 -0.13171187777004 0.229578230718513 0.295751392853488 -0.022718254771087 0.0179814309619326 0.262560137356121 -0.0430636318378811 0.314865096317293 0.167306372737313 0.0537890592518606 0.374881151809727 0.234122344323791 0.125852887980198 0.378083794193606 0.220080923164618 0.252462875284525 0.0946407783546031 0.290327665278585 0.251423038408531 0.249993728593087 -0.110437659331558 0.222050289306521 0.459868088303139 0.349983266249747 0.498264546075316 0.125626068891605 0.440600305261718 0.421966347270864 -0.170970296188547 0.392822263799581 0.357256452330491 0.462132059720373 -0.111219716077537 0.235366413408783 0.315781835134814 0.40139222556867 0.190927486413508 0.160734547437428 0.324008851171732 0.164779966215987 0.433883469119644 0.482309435525464 0.473266658954088 0.0877848802836235 0.482305882222307 0.189184414833854 0.476675756900854 0.324302661283356 0.377740410258739 0.156996991411135 0.474494429896396 0.165060575727573 0.179523736016565 0.322954875600545 -0.119244645991522 0.425512791185846 0.491106470636987 0.481543246817564 0.457298602922814 0.477752462595351 0.418052515965307 0.211034472174327 0.16271445756963 0.229893999925157 0.458290226029791 0.397202858876062 0.36034752660514 0.477959557021322 0.250356567832146 0.490668187751195 0.445032064128371 0.23961170878868 0.337877562636173 0.287309322122946 -0.0401176664555541 -0.0178920050121351 0.299898724346748 0.432256559910346 0.339949697736195 0.493245910443166 0.454696987383826 0.157920837063437 0.383738628868888 0.457234231234309 0.283146445461881 0.464574720650828 0.0275489806148834 0.455802160935187 0.456693228056373 0.156964379994418 0.435881007532565 0.442456695547401 0.359312623103263 0.164341759132283 0.394582055419418 0.28101119032184 0.326021433430234 0.373505008575186 0.429712469595057 0.333862686885788 0.402369381865435 0.425028927633262 0.252500883454812 0.246360134707885 0.213798366297242 -0.104353459425302 0.490494342719947 0.323573948408076 0.46852015846026 0.449747022866839 0.497349380547834 0.253956508345794 0.386031170494677 0.467291209892537 0.450464427172821 0.24779401740835 -0.100011785008671 0.420774526890058 0.347404425503688 0.0520187393499417 0.379612840163836 0.364500416020617 0.410692904298321 0.430229930908259 0.295580141091544 0.483813239239566 0.504075250281906 0.266992804515256 0.432467583523733 0.114041717468132 0.441827758783663 0.473156953547831 0.423163757778527 0.488575554606017 0.376345243866947 0.488350964018229 0.439363572478886 0.49268426879308 0.227866107635533 0.279350652397614 0.328109863657793 0.475067008944977 0.349165467353957
"81" 0.190608154286066 0 0.12627433879454 0.896974609494858 0.554682819625752 0.634627605898439 0.529117428016228 0.120839083047491 0.135792183702583 -0.0019720704253783 0.275280447351522 0.646756341477629 0.360436643719341 0.470992000990956 0.70285361843695 0.43802574315544 0.372613795877963 0.936750340344472 0.809349840040093 0.227345718215128 0.5012056904338 0.392489512729981 0.472382882008648 0.136232209454005 0.144591510901643 0.141633397751197 0.113769303524293 0.898644412616498 0.371491877203356 0.349093992274069 0.36669982907712 0.0767696441477842 0.278356311249522 0.240024000428181 0.150962450251392 0.607780258957608 0.487813917066808 0.303718324596979 0.00845153857431679 0.117764726565965 0.0893793344938828 0.192329823820412 0.251973650245354 0.147079083386303 0.147872170464446 0.017052408927117 0.252406575689925 0.237424356685932 0.227514622176832 0.0544617712343619 0.214406454467044 0.231488487081174 0.274004476706531 0.341373105105383 0.623546359703882 0.105405934410255 0.228377740442878 0.422050957657193 0.8797792087847 0.0824387655277562 -0.0108881683962119 0.194824347850251 0.239005936296875 0.563893046441624 0.210053671789672 0.258873004413261 0.304381954565639 0.0789173107984495 0.0769027477280743 0.107108123517135 0.313435413792736 0.205081074105477 0.171365575199446 0.274335918236085 0.0423090314263423 0.244708413539822 0.222485648525873 0.0437134465336572 0.205008631638737 0.118603895618396 0.154861566496799 0.0866199651859679 0.14147381043181 0.229016253591288 0.165565284342588 0.305890199719161 0.225124667056694 0.0849147509945791 0.38785705056081 0.527165320863185 0.0577111566181218 0.291795613563643 -0.0414521660680185 0.231954702385425 0.237141738791085 0.0336072641005956 0.233861801275587 0.224265341916961 0.183616416626819 0.131906377633904 0.200784433696116 0.0379639654222528 0.0776726784111981 0.320911369661212 0.196323735995265 0.22676788064425 0.384088143853185 0.235979549194525 0.11162701902236 0.162279356606241 0.105049804141908 -0.0827447251575182 0.26270192250013 0.0776478078218584 0.222461297031241 0.21560430891818 0.268110416834905 0.084578721423069 0.343822009253886 0.219584034490017 0.228924994342788 0.0550632721769158 0.0107505092061394 0.225835723749363 0.231990607007373 0.0142434663080447 0.186970532642892 0.23079825465811 0.203184379526653 0.184674109219217 0.140742649880636 0.239962325408464 0.265862208127167 0.102921228275628 0.221892990915562 0.0386355953966741 0.207309831473946 0.236582677413778 0.200813148662345 0.241642096110905 0.210591274818379 0.235887854469873 0.20516356301903 0.241546147239134 0.110376838803539 0.0431344838857584 0.33641664099736 0.248858518958383 0.140461403793926
"117" 0.221442890917254 0.12627433879454 0 -0.0722930708163519 0.130679909700242 0.274102818832842 0.285775748817871 0.186819751095906 0.210058739202363 -0.00455411631187365 0.446361913123408 0.382499661821089 0.260389132460274 0.47766183434619 0.364881762837237 0.37524066622032 0.286284430290137 0.237303243990259 0.0661597508781536 0.342431558503242 0.213032590603344 0.250814587034527 0.438351876230301 0.1807724083838 0.143852519261274 0.177311815878416 -0.0186033299209422 0.261638130200898 0.363415761188888 0.27633673498053 0.374446595008174 0.141229268167796 0.408582848397988 0.40632615005931 -0.108353654427405 0.278112173317312 0.254098473727742 0.38668114019821 -0.00492190132451725 0.185059991261044 0.395080617005878 0.263196435265658 0.542434781661488 0.132964440276073 0.238855557616809 0.637064448443548 0.378438422745554 0.373144631689429 0.365896523201839 0.0532587951893528 0.35572981434098 0.379376029236753 0.396440989125041 0.230412633938502 0.289796168075492 0.119282219016528 0.340122284532293 -0.00405560500891607 0.0127667721332416 0.396029326338845 -0.00918642258301732 0.307222514284747 0.403672400946935 0.392936271792099 0.338996441161545 0.411890175681868 0.354905018498755 0.093502902565931 0.126958080843961 0.131560764610389 0.37669238290672 0.282436836665659 0.290735247939771 0.41326468631846 0.366031104804288 0.421852529196802 0.364018560311881 0.32101706450924 0.322262820606604 0.151119201541423 0.362755070806531 0.284961625714517 0.224276220353459 0.351019446336849 0.263443742340054 0.431703318287871 0.370971766256669 0.11801913574512 0.319179875300959 0.334466347440968 0.341620515149144 0.321400580541491 0.00759172248622009 0.399617606753857 0.397956780785736 0.0312401966580928 0.392873114977574 0.383191858697217 0.284422037297304 0.325686885998532 0.337660021426994 0.325849985717537 0.732188215471197 0.307861748183462 0.291457224947048 0.317474335125758 0.446052332844346 0.41434107206506 0.170350288065109 0.191546226261511 0.110931430605927 -0.254297346422503 0.403974264403598 0.722261929143095 0.367751457348741 0.363810039417041 0.402440234665525 0.428311080584332 0.274585009998892 0.359123873070046 0.38482811593314 0.589529887695235 0.26476893550642 0.346519917884685 0.488042747162159 -0.0285313947362729 0.249827239099439 0.489349729526956 0.362225951610483 0.253478669538328 0.887844196154113 0.379873004815169 0.402191528348098 0.859240442147331 0.40569086499456 -0.00318946292547451 0.339745751980203 0.42275036146541 0.323463324652816 0.40391903033979 0.389357063651386 0.388477781176697 0.344833958996481 0.40734560585439 0.18976455758996 0.71565262182404 0.340285876706711 0.463426810738908 0.168112518053512
"191" 0.0474486248406576 0.896974609494858 -0.0722930708163519 0 0.340541533678163 0.382161692428418 0.496472795890028 -0.00146145176166644 -0.0227753508161105 -0.0639799921778955 0.14335129736993 0.391222376819533 0.192014423261295 0.107999185538445 0.470424645062923 0.205496067452158 0.0520989753702237 0.792520532091115 0.708905613118554 -0.0210266058030976 0.25717066820758 0.099532901521418 0.35095741581083 -0.0160843405249469 0.0136843017741515 -0.0412407748598355 0.0299488116178288 0.72628415559031 0.125216578730755 0.096134405001949 0.126510070905013 -0.0154702784669175 0.00991280770247912 -0.0243447341013507 0.144715696726503 0.34269912212329 0.196623907451495 0.0459607617944612 -0.0403228089785179 -0.0166256482188597 -0.0601110891923267 -0.0334098456536096 0.0621707951425654 0.066267583169474 -0.0271588188750693 -0.100363378697215 -0.017718700124081 -0.0221458192214871 -0.0270046767586109 -0.0668751353531009 -0.0270525366126823 -0.0100538443448208 0.0160490232736722 0.0308856184277401 0.36421469762521 0.0239466864155307 -0.0225019153907611 0.265737552218019 0.820855738757365 -0.0715698803846216 -0.0390583030779133 -0.0434898002336222 -0.0268978599238845 0.324036888681753 -0.0372634918921853 -0.0180508737023913 0.0405829512766634 -0.0406813693510591 -0.0112521065950871 -0.0504197693006407 0.0535263429768452 -0.0140129806390968 0.000294927315083087 0.00289995548793539 -0.0951231857128134 -0.0322080015119852 -0.0466706176648989 -0.0874142192560853 -0.0225408858950373 -0.0474683322116504 -0.0446411299781598 -0.079017751485346 -0.0200316941727529 -0.00360129764840756 -0.017201914768795 0.0307010055461425 -0.0182485990309414 -0.00579973769047718 0.0733064385990215 0.329239531824474 -0.0779827556068955 0.0428660887468932 -0.0509283010106829 -0.0411121361640008 -0.0314574926974822 -0.0450149398078041 -0.0232955662614803 -0.0373010717891915 -0.0165400143816263 -0.0421522490434754 -0.0425120779988899 -0.0974904857494373 -0.0785207658314267 0.0171935665965751 -0.036424271098878 -0.018378575642649 0.0997852962188611 -0.0361654824082195 -0.0253609221515861 -0.0166130420967408 -0.0497096038302821 -0.0337838362204794 -0.0115552868770487 -0.076583248859668 -0.0243627838595659 -0.0237432995373893 -0.00636468212637909 -0.0788398463509087 0.0220603857539277 -0.0472544361777392 -0.0552969684140047 -0.0722692898125977 -0.0811153669676927 -0.0440142933637053 -0.0763717731476862 -0.0578821664305818 -0.0402748288492489 -0.0660187881667592 -0.0317620005810082 -0.0493707119103677 -0.0539280418681519 -0.0187947025321148 -0.0022782251169639 -0.0925209729346541 -0.0396174153819911 -0.051807888071954 -0.0341677678200927 -0.0368848808914835 -0.0330563068464785 -0.0387090488358207 -0.0592255708802404 -0.0252975349079495 -0.0290524387531876 -0.027542166937494 -0.0143864663157477 -0.099982107636778 0.0080435815347207 -0.0431764818942579 -0.0590671596924876
"457" 0.19935420692838 0.554682819625752 0.130679909700242 0.340541533678163 0 0.830684277707766 0.328709507490096 0.148819557484483 0.28033027180093 0.252500473802164 0.252319025651543 0.548592870965971 0.565569049539352 0.636399280774939 0.633672255231939 0.548453601925776 0.717792675955269 0.601710631813023 0.815663257668619 0.561219162194455 0.812127044806898 0.839136204412165 0.662148120286402 0.339152496716438 0.369180444542843 0.649360537610243 0.686292767402762 0.668942847795125 0.507513293459375 0.424044696782138 0.362203219105222 0.161527984084281 0.437335060461391 0.393535429707001 0.625530033772577 0.633178956434492 0.764883455414398 0.427722202592481 0.571845683799474 0.2386072081881 0.0422953221366613 0.537028115804955 0.443519171105337 0.134116011704315 0.286617472762098 0.294759551297259 0.528652430094292 0.37272953556181 0.359378669554002 0.710663961778243 0.308428363711569 0.622045002190074 0.337215448857861 0.836998362406403 0.598405807034648 0.140992272141168 0.428979196604574 0.894056699575306 0.728928646033419 0.0662414910503365 0.257272536657427 0.466157855557521 0.325200175752617 0.563668693547144 0.395314614558009 0.41457915336731 0.647258511964382 0.53492309135472 0.125214335551522 0.603329555245171 0.497843262181924 0.451387154134906 0.228149781416377 0.385391157857446 0.148939040706004 0.342548687557196 0.507249550791526 0.145919376786655 0.458525178558077 0.562862640426624 0.310273872550386 0.46883187439641 0.263749712399899 0.30429933885927 0.262512381189781 0.37236088181698 0.301286195638735 0.192536631856579 0.622071967595347 0.409377798918252 0.174197607818042 0.565672844210876 -0.0402385483600693 0.427346758023391 0.409292021568714 0.043460453160308 0.323346377484784 0.42556368249435 0.324374226699705 0.220161159571553 0.46519395515828 0.184741220258717 0.0716850963175884 0.542957825961866 0.479721303178955 0.658590856721306 0.619678693617693 0.381594651214733 0.277590914978691 0.608350741838071 0.658236273425642 0.532005062455015 0.402030038191887 0.0544578020422689 0.298800699884296 0.291244058436006 0.409525820693454 0.139485156728987 0.711215088948596 0.491761360029141 0.567874604657683 0.0643410669289784 0.225562554040693 0.63518382652165 0.56340291891049 0.611685209251311 0.630518173165112 0.441301742615161 0.282790667192508 0.598165998537316 0.0794182099185486 0.356746814201394 0.358425655841265 0.0696511208269001 0.342410614499941 0.601112437299865 0.357093103687123 0.342149861748239 0.366005622539508 0.43358200828447 0.534587985901165 0.337838232514543 0.299963550264759 0.335503679775782 0.148067219098153 0.187454270519905 0.66372068082663 0.36058178169442 0.68111463340429
"650" 0.219356302330734 0.634627605898439 0.274102818832842 0.382161692428418 0.830684277707766 0 0.501205093820262 0.166750800239704 0.25428844810475 0.233721000232319 0.428235323931619 0.695214240394795 0.669348669684707 0.769794046444679 0.791772155252392 0.715366775366467 0.671019468270467 0.718922163545162 0.774710188994033 0.522096905357465 0.767174308499249 0.818271514197855 0.576689193677521 0.279834560168553 0.288076947477972 0.514035025714808 0.551153300573259 0.77722439359045 0.503385795050642 0.452467178463922 0.391980960431669 0.173971185359689 0.464361177056431 0.433628824637345 0.477041684574513 0.646426041050609 0.713697761906944 0.442885802986371 0.440305108290842 0.226382871420188 0.0838934456589831 0.442493916084635 0.404144450772103 0.15279543103669 0.269266523478418 0.230698187223819 0.510209271865833 0.377104530997638 0.364253545233464 0.514707441400732 0.326002831198378 0.656448139175537 0.375493436976337 0.733782831841331 0.637887872984037 0.141483712693448 0.402414490456362 0.693873481769221 0.675271720074378 0.0974416016414306 0.242212110716035 0.413145738214734 0.358460360951942 0.597202877410257 0.373947892173652 0.435672130684818 0.601332304771725 0.36177173888245 0.126874828703147 0.450233136536469 0.498196768493661 0.399517480674234 0.249708217025329 0.417066667068931 0.14069826914852 0.383337414796368 0.477716602074231 0.131274368658054 0.449134253206023 0.418166210170546 0.50216087085158 0.529953277544322 0.245610168708912 0.329164117312466 0.265676713708208 0.423242312626981 0.331079875201643 0.17230983006536 0.617748556152564 0.451200359261366 0.139789618186854 0.498921822091962 -0.042253521531568 0.441446860497299 0.425639692117032 0.0549476278307105 0.368082783784632 0.426500979001596 0.318295852027221 0.321683620096137 0.43995040663306 0.133661556997427 0.0938294133058901 0.542738782786591 0.410668840929481 0.591688908385612 0.655104031433361 0.427294402930876 0.237659914860724 0.495059101618479 0.483446128687859 0.237650944154381 0.423959827391656 0.0870554750646805 0.323311228659823 0.316094190072844 0.421659013257074 0.188507681783201 0.650563108738848 0.451824274138125 0.531441635715516 0.0871668797784809 0.311767040618089 0.562569034805043 0.632584293975366 0.40281867649372 0.507277915742841 0.533345789506707 0.324324052004183 0.471317241768054 0.204883994198447 0.370283713064973 0.383552523559363 0.195113051401015 0.387873543158981 0.390510500961728 0.3538344068653 0.386444298374662 0.352586638919113 0.436875126413911 0.527883042558161 0.358458688332686 0.314934535641216 0.366227600095459 0.166333825292519 0.152863824135036 0.671087367238553 0.430754175059829 0.493133555260718
"738" -0.13171187777004 0.529117428016228 0.285775748817871 0.496472795890028 0.328709507490096 0.501205093820262 0 -0.118538959244214 -0.177199069883844 0.230340095335515 0.71290030656977 0.477712842111318 0.846491539777918 0.391289884814937 0.74320260741907 0.822402014444935 -0.0552102406771328 0.568159407232653 0.559608316466906 -0.0241488002703304 0.324213349427005 0.231269990193414 0.326209711213343 -0.184651644275133 -0.135476556835903 0.0151661592808519 0.490617120222587 0.619565515328939 -0.0896908376654429 -0.102968358944451 -0.219334438396061 0.0256987897117131 -0.0732019352118979 -0.0745288578300771 0.522317256609889 0.0298280310184734 0.0341627183248142 -0.137265884928152 0.452686474155696 -0.103846491325209 -0.266280627878841 -0.211222184852533 0.0495879360983798 -0.027072031776295 -0.189862077983561 0.0418671574389679 -0.0839961022015636 -0.26627231380522 -0.267435564225689 0.168254099704713 -0.264354898570268 0.486014902588671 -0.209118984269302 -0.000224244842692019 0.0864302562361792 -0.0634989814369872 -0.278774186001931 0.128704441807669 0.387859764828239 -0.282882666857558 0.392012843020746 -0.225761301292165 -0.261607498537081 0.0687111790660378 -0.270303149447456 -0.173763662725441 -0.00494227458386366 -0.143663920132538 -0.090466565044452 -0.0435165531592162 -0.110449622833738 -0.195336643634997 -0.209973009193278 -0.171300429257494 -0.184044750009622 -0.22671522043893 -0.156326395122666 -0.184760812440218 -0.00450682104923766 -0.161502880257501 0.771828258264602 0.666231775233133 -0.171496866695815 -0.216229421646777 -0.187901482295217 -0.164016835528044 -0.243623373695059 -0.0626682777416837 -0.0518673820143646 -0.0549522443673552 -0.259019703657773 -0.193466481500004 -0.093591022424004 -0.152873891825171 -0.162659848513242 -0.172026022569446 -0.158405521667057 -0.160693276683521 -0.168173517900544 0.243367461287624 -0.114977947139753 -0.287730300491802 -0.209378263297455 -0.107521356454474 -0.253811045641243 0.0843317118378335 0.201931370115012 -0.079403325842708 -0.153056914744812 0.0380676623222025 -0.0183907805270642 0.0122878985266195 -0.216792767231368 -0.207235459361785 -0.278887208033322 -0.256782280774579 -0.226522155008928 -0.0593725222182206 -0.118104466907023 -0.224367231677979 -0.113796317274575 -0.133660086299615 0.598444486663185 -0.082057876490675 0.26202101960569 0.0724105886242799 -0.150745265638155 0.180347300860594 -0.173814405222567 -0.272650653526168 0.100320781914924 -0.268525954248731 -0.263328252678666 0.109298572662057 -0.131575737384246 -0.0193080460534755 -0.250535196936689 -0.19089309487937 -0.231026021089166 -0.213273323062425 0.0327060581178003 -0.276919294510991 -0.256920656270885 -0.254593102309872 -0.117899153457713 -0.15597613822319 0.0885204930367369 -0.122183368239895 -0.211097583457848
"834" 0.229578230718513 0.120839083047491 0.186819751095906 -0.00146145176166644 0.148819557484483 0.166750800239704 -0.118538959244214 0 0.239404744051789 -0.0140161040897983 0.016399934593634 0.203264012593217 -0.0344848532132345 0.257918506445455 0.124430269460724 0.0447104167687439 0.302675968613881 0.162072038616387 0.0750780680627684 0.307111875934233 0.170467717262283 0.203020025620849 0.0628287717687424 0.234054185551306 0.201244424207103 0.202564989676699 -0.088927529575619 0.155591747347662 0.367096946696878 0.280907581321593 0.39782543256492 0.103128797122089 0.357365476976184 0.343915628715378 -0.143517562004049 0.305714947411648 0.282460824502763 0.372520894442282 -0.0874157317720207 0.190887143376075 0.257617988969238 0.324242942814414 0.152893221366488 0.12767361619288 0.262607864472963 0.136643020759154 0.352198691620131 0.39075243771049 0.383619753908001 0.0721077621011181 0.368181291604067 0.158369453967425 0.385501206482735 0.262027731962866 0.293306357414374 0.125947246042653 0.383738038191236 0.121005564293463 0.112008469085046 0.263596727886486 -0.0923111988475781 0.344871293267082 0.398665246543078 0.371364674475178 0.370628250284626 0.387919646169699 0.336753446690848 0.169016826699247 0.131992272454336 0.185948776977067 0.368830955705292 0.32080379447986 0.292321044032253 0.387326448509367 0.205786427254387 0.398958660839245 0.361761352415664 0.196642933068825 0.27519911423169 0.231631030829537 -0.020738485099255 -0.00486726919681216 0.242969635735321 0.350107463752308 0.275482716427306 0.398841562932577 0.368826398840312 0.127676107541739 0.30959335683915 0.356818704014439 0.230577056474988 0.372709062475454 0.0239240253859278 0.371069980906395 0.371374819665688 0.128555828149385 0.3546188169268 0.359820312798332 0.291191202324329 0.138985267323291 0.321064353048773 0.229229411104758 0.266357118232551 0.303315778917987 0.347550240639925 0.27143994606007 0.324432142725658 0.346993419260559 0.204334175240839 0.199124834815527 0.172619255746472 -0.0883421783579643 0.397512708860742 0.264342077268419 0.379907466635084 0.364830919835808 0.402695615503057 0.209891263165931 0.312339573515439 0.379235074638386 0.366799894622339 0.203199186640651 -0.0715883684756118 0.34184074850919 0.288649658937842 0.041639116022186 0.306809825878964 0.302027568990158 0.334358867657125 0.347273369275254 0.23959909844335 0.391967626524839 0.40791434281685 0.223164486285052 0.352813332345158 0.091085812059768 0.35837258814534 0.385276353578189 0.343182940910525 0.396981853287297 0.308547653426917 0.39602659777256 0.356468767675641 0.400034322491891 0.185129140316755 0.228582146721528 0.268624296275409 0.388053055879532 0.281299852160243
"1039" 0.295751392853488 0.135792183702583 0.210058739202363 -0.0227753508161105 0.28033027180093 0.25428844810475 -0.177199069883844 0.239404744051789 0 0.0231404220791177 0.000879027593614702 0.234948757439026 -0.020466497456093 0.323969435233967 0.145615548568644 0.0526881812321838 0.435630150435176 0.183235206223592 0.14892348784996 0.454142000433542 0.279865536149718 0.332180169537895 0.137254902080812 0.342114028660972 0.307333382803559 0.364720886022388 -0.000845801859798756 0.187399170093228 0.503763788299099 0.359796439109095 0.513728338933725 0.142959949705077 0.478918616213455 0.45724159673096 -0.0722515007403933 0.402204766544596 0.4114350556976 0.497597070113238 0.0024655914072191 0.265214209333644 0.309080774123411 0.485590592754787 0.218806885998135 0.163600944883408 0.359886223330749 0.223652946210481 0.498657830903064 0.520140013026615 0.509910184411116 0.230425390214111 0.48153109457487 0.262793040506493 0.498391490114351 0.420076605909947 0.376218933612224 0.169034571722549 0.528015597868841 0.272591066996412 0.181756534413278 0.330164929840573 -0.0730849513549246 0.492090823162788 0.516592250959951 0.496683867322876 0.505906714426875 0.517462839296218 0.499926195850968 0.31903799532129 0.175744093780367 0.343027766004014 0.508456445155985 0.459378987745546 0.378176683773448 0.508195656299381 0.274604783624581 0.517523973335538 0.512459243054189 0.263645676823595 0.467679774781186 0.390845125239172 -0.0427096143061772 0.0421772543209597 0.330112556639454 0.455507661844638 0.366718877222299 0.515437921666946 0.477954408583107 0.184379243721394 0.421942680588019 0.457266735328843 0.313569706058959 0.537749955373308 0.0267746698347975 0.502138731351048 0.498489000880824 0.160307421165522 0.45999939461233 0.490431455466222 0.395294194500138 0.172632995861189 0.470408661674538 0.318283738751333 0.326077928933173 0.408379485792319 0.50086063301447 0.429502667132723 0.457397103287865 0.458598254628575 0.293869212653934 0.347926296797507 0.339862236391039 0.0370855353934412 0.540503634387002 0.330491953636139 0.492602190826249 0.472634889851182 0.542389064201599 0.263176515867268 0.451707294511126 0.533349005179931 0.527943886708407 0.250780851098264 -0.0770251027092036 0.514485250122872 0.408651778832326 0.184829072640685 0.484491325543967 0.40020827482297 0.431537659233178 0.541432226745149 0.270780684175747 0.51683192168211 0.533125760480035 0.251408975571352 0.460419110164285 0.242191013580956 0.482072754432882 0.499631031540133 0.466007282971074 0.545690091373926 0.443752947002374 0.51762336743822 0.4662696593421 0.518995359258238 0.238886658459911 0.313925077574978 0.399249010852069 0.500508655454229 0.477311627885429
"1171" -0.022718254771087 -0.0019720704253783 -0.00455411631187365 -0.0639799921778955 0.252500473802164 0.233721000232319 0.230340095335515 -0.0140161040897983 0.0231404220791177 0 0.192756186341505 0.10433762313831 0.381130747144501 0.180272831455809 0.216191527997583 0.32628851809018 0.0948602054666132 0.0393148138232483 0.185853905742688 0.176312218029443 0.222882895627061 0.245000758129178 0.0453702610534909 0.0473951617854697 0.0700877300152524 0.26338054184489 0.414592160073204 0.101499967673063 0.0678723541996765 -0.0306435667084727 -0.0440709437773882 0.0591080201646259 0.0792852432471379 0.0762862009308685 0.389014390603083 -0.00884577034305665 0.0991891302636778 0.0408850748924929 0.427302949720333 0.0353185183888632 -0.189576250477176 0.112201273900421 -0.0539077150696961 -0.00256177009390247 0.0177372229715693 0.0310523658643588 0.130850869600992 -2.70947668690397e-05 -0.00300112286916236 0.377567261463907 -0.0216619235182575 0.383134154960664 -0.0126371531733602 0.180933104523371 -0.00880636026178446 0.005279320292532 0.0243702824677239 0.22638439985601 0.0564750762924494 -0.185881807043465 0.334192118971782 0.0739382598864312 -0.0211278773274385 0.0688753545908946 0.0197729462304837 0.0445065258016027 0.190725687259034 0.175069018989743 0.0007846453498363 0.233379413744028 0.0811023227827214 0.0720999918647309 -0.0253862393371238 0.0224122198584055 -0.0933585981142259 -0.00208724652557451 0.10837728581455 -0.092033573456348 0.143722098054905 0.165349661553742 0.334694972667916 0.42957961811391 0.0115905284794503 -0.0134120648767871 0.000305512025789068 0.00762907256495439 -0.0217029554989107 0.0389163764817488 0.0504115128391797 -0.0342547825577533 -0.123489970447482 0.0919090187892014 0.0202581264854344 0.0683511799822361 0.0536891398570524 0.0806267286875486 0.0172924036090364 0.0661525468161994 0.0291306940956776 0.146125664974379 0.109650575976725 -0.120312127252478 -0.188444465444123 0.0276759670150964 0.0697187167530662 0.259199899024562 0.220163642813671 0.0724502303981837 0.0389430339321308 0.243492054773451 0.269144693532684 0.284306328607194 0.0210640506380159 -0.189528952329352 -0.034044138341191 -0.0285409621139302 0.0192318015347704 -0.0749233525256465 0.081637058059892 0.0775932288863208 0.149872511074276 -0.129718416573803 0.279380652534394 0.192549819027487 0.280490873670778 0.310877221603623 0.179852820712045 0.193027844688429 0.00212328183641787 0.122675101392023 -0.102554288072417 -0.0109855845916302 -0.0173708665049132 -0.0803565758384513 0.0389123192912029 0.264459075071111 0.00978631834207669 0.0124472139522952 0.0219798030455386 0.0464763038364618 0.190066968552393 -0.0210520353249983 -0.0205821642699675 -0.0161171445386053 -0.00958992165699094 -0.107884097200152 0.142203069588219 0.0426110038977513 0.199250323799454
"1232" 0.0179814309619326 0.275280447351522 0.446361913123408 0.14335129736993 0.252319025651543 0.428235323931619 0.71290030656977 0.016399934593634 0.000879027593614702 0.192756186341505 0 0.44319205935034 0.714609324745579 0.481549497286782 0.621429193818356 0.73977496854978 0.0830481547442942 0.372095193010007 0.320583881035163 0.197548674983839 0.301838734257273 0.277281680129226 0.19146092956064 -0.0145657968261215 -0.000555943747880134 0.160596258609712 0.371511020329146 0.43471806862883 0.127146192709963 0.0246849461718126 0.0248586733439913 0.102907127359623 0.17674019796903 0.178492864676019 0.333004260895042 0.0786703650052876 0.108955859477998 0.111397492616992 0.382963071387105 0.0371164256075006 0.249533107465346 0.0275966739557067 0.084552913570664 0.0420964201730296 0.00682561340671433 0.170485358155156 0.171109702015136 0.0236177243402537 0.0174384494818068 0.223010511577507 0.00988360096157944 0.588401571208577 0.0642885056220342 0.111114005626768 0.122535388252238 0.0183487293731136 0.0020045187891844 0.0623695601067564 0.142256029110666 0.25882433108686 0.305811368939644 0.0324000963076681 0.036949696059427 0.220608088581778 0.00836976704771685 0.111726105987447 0.214081002107552 -0.0198941781917818 0.00815465050501862 0.0943733636902775 0.131131233898645 0.0354272937310689 0.00821545664854729 0.106443042658657 0.309132366677854 0.0747543261635319 0.115108301012316 0.281725205951807 0.196292323398788 0.0101465185846378 0.741372937327425 0.673385374437322 0.0090541225510942 0.0379964655062404 0.0436237253772569 0.11384402883989 0.0294574613113657 0.028834303356834 0.0906250212605111 0.0898858807967787 0.0193616958134939 0.0532202597361418 0.0243587679693128 0.12706656727156 0.114402066103251 -0.103309479019196 0.104506386656114 0.107839280998079 0.045179095383313 0.354128713398628 0.124997348913563 -0.00314660965295388 0.0159713580450853 0.0540840984918517 0.00589248513546811 0.274538466051236 0.391903367474061 0.18086099762265 -0.000245702860284239 0.173999542362618 0.107350078550823 -0.0584645156141094 0.0739910269547523 0.0141214079637161 0.00733291172468853 0.014252386981319 0.0664122793098353 0.448536208120621 0.037472267951136 0.0607252318432683 0.161321553843183 0.0426887891938122 0.697722382701812 0.169357821387438 0.485133359802783 0.104195099014809 0.0746454348445977 0.41428071177001 0.0762599260632246 -0.01404934171394 0.295494500943224 0.0209395884458765 0.0329066566056597 0.308462813019445 0.135730437346838 0.0473679874664699 0.0170460237943424 0.0993510251043831 0.0245380268597658 0.0845286032454577 0.269425303922441 0.0203850001663878 0.0095921099792554 0.0435868920504099 0.0207780517065194 0.0438075305328485 0.221393321145679 0.171466736087903 -6.69063120017815e-05
"1280" 0.262560137356121 0.646756341477629 0.382499661821089 0.391222376819533 0.548592870965971 0.695214240394795 0.477712842111318 0.203264012593217 0.234948757439026 0.10433762313831 0.44319205935034 0 0.529691465740128 0.776706964848897 0.778931229067423 0.664585028241404 0.560529515743062 0.74718641392901 0.57822971170511 0.40929630987412 0.576564759049317 0.56897446617779 0.375471732717599 0.215968217651883 0.216721927745298 0.257443320650666 0.182999513291849 0.76709533623728 0.4832962853366 0.480373175625309 0.462358775901614 0.161082248132193 0.47372336352759 0.453337154560425 0.102613001527297 0.635070496734093 0.591527452758964 0.46030103027617 0.0839524848781809 0.209581466531778 0.205729228357258 0.321753719886911 0.340832261248331 0.176003876316983 0.262648186615737 0.127055218592766 0.446362943910601 0.408331979065035 0.397352805005763 0.139159509743321 0.379894381977924 0.492657227024567 0.446492895049556 0.521387620962315 0.649726264324676 0.146032705596992 0.386970060091307 0.353878479716384 0.534943730334981 0.200176081386271 0.0785041807584696 0.349610636051505 0.428531046137761 0.598592946411096 0.370272175043303 0.458323956541485 0.464353063873782 0.115939718914531 0.13737528615036 0.197979702991122 0.464407936353259 0.345450098974631 0.303836948460872 0.462721663230624 0.16118607002137 0.450580190017502 0.42656252960541 0.147959924229842 0.382053780960076 0.206976782278568 0.48564903503947 0.358596026447465 0.268356141040068 0.384611958842091 0.287674372055051 0.490040282540118 0.395850891551799 0.141376162742768 0.573899244189291 0.51287594316375 0.149221482543646 0.410595503436313 -0.0212214544511349 0.441506503656247 0.438760808140339 0.0992175869084994 0.424720944933874 0.424092460638825 0.318656427953 0.347484242301654 0.38251554401129 0.126104432569203 0.20309322643352 0.519261361474238 0.334541506530426 0.410177420471218 0.583500836182581 0.455131533947881 0.194789028785466 0.2792837983964 0.187079492680016 -0.191662729249803 0.447995537301493 0.200845009717749 0.390925943492348 0.381583599746364 0.449826867866151 0.247618691758455 0.534017293982995 0.40195008239175 0.443464616266325 0.170420746797947 0.22564145992079 0.418640819192804 0.561632140445972 0.0415610536671772 0.319347125299316 0.540534002786463 0.385391811251746 0.309007843000945 0.350319659215192 0.411159035818243 0.445328283135044 0.333006927783813 0.435341850067052 0.0631525499528648 0.369761467901502 0.449616390750642 0.354796625630839 0.443707414918879 0.447962211244749 0.4135441484676 0.372595225720797 0.434350096481939 0.201449032166768 0.152329839157178 0.588488687280806 0.500846319774086 0.234684317272541
"1378" -0.0430636318378811 0.360436643719341 0.260389132460274 0.192014423261295 0.565569049539352 0.669348669684707 0.846491539777918 -0.0344848532132345 -0.020466497456093 0.381130747144501 0.714609324745579 0.529691465740128 0 0.608189983648671 0.785379592072471 0.938952634519137 0.235595257684352 0.464969564510015 0.579291562318668 0.256035695874852 0.548728425369292 0.53952219513797 0.331655424934879 -0.00542552665064168 0.0364135765792846 0.33518761216258 0.746133108169554 0.570194499423896 0.109693036109479 0.0482043271090652 -0.077912957800674 0.110903324578744 0.143853165698466 0.140722978203575 0.699786584792344 0.158414209769041 0.27996759908004 0.0606478772171664 0.701727133676885 0.0260877145346947 -0.230761788451419 0.0695518744070036 0.102836988921701 0.0137356315518932 -0.0262167314327871 0.107396549015249 0.18609877988068 -0.0545736618344334 -0.0600773462240951 0.509527907755894 -0.0812273914683425 0.763441900766818 -0.0313592240005672 0.347919945321656 0.187391564735986 -0.000368918477881097 -0.0440345486158299 0.388306104909421 0.3291502216313 -0.231672284973524 0.514423133989048 0.0311600505154955 -0.0679525905236076 0.201298123745296 -0.0437683126154812 0.0520383428212094 0.286777416276867 0.12536430646599 -0.0176189441596434 0.259908485738625 0.115954833597004 0.0394532606883825 -0.0721242828345431 0.0284601850949585 -0.0929927445201819 -0.0237781668200891 0.121233271187715 -0.0991001596736134 0.228506239866154 0.125077374841135 0.894218725297242 0.889456241295887 -0.0264501125879455 -0.047405716380109 -0.0381222224055944 0.0217540485061584 -0.0667038857278025 0.0361176690536986 0.190708363011523 0.010557736186892 -0.164233828119645 0.0697877817032578 -0.0844864955879107 0.086100672773393 0.0644682153659716 -0.0984060385650753 0.0264228368472472 0.073782942651286 0.00960228343171981 0.363310967445094 0.138989730357712 -0.179732372314762 -0.23775737090956 0.127604646570375 0.00698144754294645 0.397792974076584 0.450008789967481 0.133357618669195 8.80816627726198e-05 0.328383281271641 0.307069930605831 0.251830900568235 0.00185772510945565 -0.239046763600525 -0.0991501767804945 -0.0806099817426532 -0.00435512475324689 0.0156221104766335 0.185495725825152 0.0479197606407672 0.192241701047818 -0.148367424913576 0.694069734179533 0.244646963619053 0.557733383083615 0.366427069029803 0.17135323223608 0.422031652950622 0.00205581843243475 0.0455042305060507 0.0513346207952454 -0.06649521870334 -0.0640539390497096 0.0783532194927387 0.0682304165479462 0.272961071141975 -0.0443595906247056 0.0111281149744335 -0.0224848664690014 0.0322101388725761 0.314474765125376 -0.0795892445633402 -0.0774057323117269 -0.0572607226288039 -0.0285939435790039 -0.134467673179726 0.371372069998257 0.0899047466593822 0.140913547767126
"1611" 0.314865096317293 0.470992000990956 0.47766183434619 0.107999185538445 0.636399280774939 0.769794046444679 0.391289884814937 0.257918506445455 0.323969435233967 0.180272831455809 0.481549497286782 0.776706964848897 0.608189983648671 0 0.795852504871768 0.791332200447416 0.73348826672736 0.634749415890526 0.506005724958058 0.564667710983377 0.683800226457655 0.741250848678113 0.395317648577548 0.309094152353436 0.276628156223868 0.414730522942453 0.297738731121584 0.691965499540185 0.58455631929849 0.58026186867561 0.539513219867786 0.215121537969495 0.606596068872363 0.590432193933823 0.153086218795092 0.695499791610973 0.718418145403291 0.57840161776038 0.196156151379848 0.284980080577016 0.270644264012592 0.465530716699173 0.436822230509476 0.196920295816934 0.358478258324402 0.231723636231769 0.602148344838715 0.537687853127836 0.524869389479401 0.294150423891177 0.498410883085737 0.656552567099425 0.556128381026502 0.718355047075052 0.694752952494374 0.180687859238271 0.517152027248121 0.441212202658134 0.402867384554979 0.273610164868745 0.139695511630117 0.492996905832704 0.555102640859455 0.645559335232051 0.504446434767616 0.600361509500643 0.616865128246252 0.234708620145526 0.182327816696541 0.342953181491747 0.589989571256823 0.461816559120146 0.393702007038743 0.5901764572218 0.247783171273242 0.582385700397736 0.574298027669228 0.228942423026846 0.517583088886566 0.340104676751429 0.610466763462748 0.504716623639821 0.332797379991327 0.492128952945706 0.379370220821982 0.609095020553186 0.510770683335388 0.19502195912146 0.726514049926258 0.524434828548736 0.232498138063857 0.544796762987519 -0.00953168719064105 0.592731891705186 0.583215555256395 0.139783852062005 0.547449551172559 0.562297325049479 0.42373135910122 0.444524244498269 0.52820587372061 0.218457905232463 0.273536423800373 0.674214844113481 0.47804709276154 0.578853631702978 0.724012394495639 0.595251932894352 0.278325658084485 0.416729300925181 0.337376102409999 -0.12233513856422 0.582615767244565 0.275333043685149 0.507101111014294 0.494422696953049 0.584115202621898 0.336812166934414 0.715558110664848 0.558106867264828 0.619161431508324 0.228069102379645 0.315880982621409 0.596049154245703 0.751003873303844 0.16926133602871 0.482272870476114 0.709509190968346 0.499648667184666 0.47029097572407 0.432898187231879 0.537422372291822 0.565672142794432 0.426398089555426 0.568356374618463 0.1878637947986 0.492632430501991 0.584327549970958 0.478835342848908 0.596770702568198 0.617838204152927 0.53994806250476 0.481205117425199 0.563618533314362 0.260724830839057 0.247022920867111 0.773306432430804 0.641702694019135 0.400837733114046
