"672" "733" "734" "736" "1566" "2347" "2831" "4848" "5706" "8290" "30058" "46736" "46740" "46778" "46789" "46793" "49808" "50024" "50169" "50659" "51762" "52213" "54849" "56620" "57107" "57447" "57492" "58463" "62208" "64153" "64164" "65296" "66375" "68471" "70727"
"672" 0 0.611266838806314 0.695277145336693 0.668745549236331 0.480402617350089 0.181089551956431 0.156241299744881 0.528861156181326 0.393472484781524 0.713823628450292 0.527594938041524 0.611718515037316 0.722419093003035 0.653128644361012 0.621050360100615 0.630765162056381 0.441935406982147 0.266771867723058 0.514349497082934 0.312378934885418 0.257504898820489 -0.0897606383345845 0.31732846301239 0.294298154479134 0.471935451146931 -0.00722322156218041 0.243352092314049 0.166554281827131 0.174696708612319 -0.0655302962744762 0.0833193679860816 0.335614436736862 0.161933783076341 0.163603916505834 -0.0603659261503076
"733" 0.611266838806314 0 0.912782592234118 0.907321086125458 0.258008111967157 0.575626165391505 0.645329409771136 0.913808307635957 0.512041069953844 0.288566805226097 0.0952501484158132 0.713755882368392 0.683353200204426 0.71714774278243 0.703817163971392 0.711321190038424 0.218940896894153 0.812143435972968 0.662367430628608 0.736193898147851 0.789255648400087 0.41462267297532 0.592801149692266 0.762470022539984 0.271067268867073 0.317064975374204 0.784722035995955 0.718210412944029 0.750412406378435 0.389752100233415 0.347871988252839 0.171912139573469 0.722241891338668 0.75629884064981 0.381636148120784
"734" 0.695277145336693 0.912782592234118 0 0.951908432416824 0.212143093073639 0.493285039683472 0.550213091687732 0.913794004807096 0.384557251724169 0.405482074517736 0.0256376000605592 0.831689174012035 0.782358964904984 0.835235472900042 0.803877120440255 0.824694694775148 0.116007807651477 0.736256603328064 0.669723134177564 0.573354643260291 0.689958061320831 0.332952610441386 0.455532283675769 0.596949145953296 0.178489760530897 0.267468267745151 0.712849988224328 0.632806018539157 0.645804280287858 0.323741111099445 0.27968059203833 0.195307303450263 0.630526280953399 0.64722953809172 0.276113218653745
"736" 0.668745549236331 0.907321086125458 0.951908432416824 0 0.322329156855689 0.525099615964178 0.580032085258831 0.885667986755757 0.424940040353744 0.300796113518876 0.0757554957668821 0.714980387719837 0.663505043925897 0.720051604861386 0.68153341839292 0.704619965639705 0.177051563898707 0.773359220831817 0.78070546809897 0.608830480179533 0.747717163529229 0.355124526130227 0.505729549798018 0.625240990825344 0.258547153176103 0.304245635186544 0.757028838846305 0.674132885966574 0.681074211704255 0.352997947196466 0.348325654065675 0.294075219219742 0.666260708406785 0.681459536929251 0.296461909512674
"1566" 0.480402617350089 0.258008111967157 0.212143093073639 0.322329156855689 0 0.0942044921295009 0.0361107607932981 0.0740372075993598 0.5452660864817 0.317956725271183 0.798632511020055 -0.149511524247116 0.051913146664434 -0.0883122872117119 -0.118273291219764 -0.124056364163396 0.837761004158569 0.0678462898813282 0.628418834714392 0.325456208631376 0.179424914520934 -0.203445924125698 0.426099918461328 0.263562783269453 0.883389159555882 -0.0295873812169057 0.0758385129764289 0.0252565950145209 0.0254798256626089 -0.153584758754296 0.211174126616848 0.629622102946166 0.0122588440072938 0.010493567359064 -0.109849906541497
"2347" 0.181089551956431 0.575626165391505 0.493285039683472 0.525099615964178 0.0942044921295009 0 0.565172011759423 0.586866570477081 0.365786865413579 -0.135371139474106 -0.0400250013177757 0.282644131972917 0.2161476893765 0.268833580528137 0.27522621095567 0.2730016508056 0.0802229868092264 0.661478801591467 0.420265240067998 0.612821654158433 0.664874904469308 0.452859157126819 0.477159428765024 0.64487858257793 0.117448017322001 0.323337125034068 0.648979318357323 0.627183195428815 0.658010657123171 0.417677758684096 0.334880976738271 0.0433948917964167 0.63376052707817 0.667604156802829 0.420772793108027
"2831" 0.156241299744881 0.645329409771136 0.550213091687732 0.580032085258831 0.0361107607932981 0.565172011759423 0 0.685726539001264 0.382897702057154 -0.205591746701206 -0.112034022619472 0.328670357686798 0.230941730160117 0.306708337706808 0.316360675534066 0.314458962389744 0.0371190488231775 0.781537256652214 0.447188952488324 0.693948812489478 0.778383884407737 0.555159664548244 0.526497160152277 0.735586494970138 0.0636551500251272 0.387808461360779 0.760844068166757 0.740023670094626 0.775492676674455 0.509867441194357 0.382622120446622 0.00279791461648588 0.768940082491974 0.788316882643426 0.508321792703896
"4848" 0.528861156181326 0.913808307635957 0.913794004807096 0.885667986755757 0.0740372075993598 0.586866570477081 0.685726539001264 0 0.41663619381959 0.21395964911544 -0.0806016255542975 0.77343143743808 0.693284456398381 0.762789499044684 0.753731408783991 0.764134870404452 0.0463288177289235 0.848799276316534 0.577104900739642 0.705547590848149 0.804672236353114 0.490274240679652 0.533999050479401 0.748656378418596 0.0900698629689601 0.348464891783855 0.822114034541285 0.760205820214091 0.794015242833653 0.453085489092528 0.329736444491978 0.0524646165535344 0.77268364489724 0.802855441140081 0.431428307154824
"5706" 0.393472484781524 0.512041069953844 0.384557251724169 0.424940040353744 0.5452660864817 0.365786865413579 0.382897702057154 0.41663619381959 0 0.22488843472227 0.657238131337437 0.129933078764237 0.269708722113307 0.163472428444755 0.183626266254244 0.156321919906631 0.654635610757742 0.420284821079236 0.43142847436476 0.694360330935125 0.485323140756813 0.149455134462814 0.88684220476363 0.682477999104928 0.652995016836476 0.135354494596546 0.397579207259499 0.376467745449076 0.425983165958053 0.131558769055079 0.27191548804094 0.239898927091638 0.383605587981893 0.424686358869991 0.238076081215932
"8290" 0.713823628450292 0.288566805226097 0.405482074517736 0.300796113518876 0.317956725271183 -0.135371139474106 -0.205591746701206 0.21395964911544 0.22488843472227 0 0.482038706221906 0.595860009827915 0.79387006714802 0.65027846754787 0.638792254242365 0.63639513428281 0.431092386395914 -0.180801993133804 0.0598028735882949 -0.00674007984661388 -0.212633652606698 -0.402357330520727 0.0499101603430452 -0.0336751029637823 0.395118709646568 -0.268784863686033 -0.217613804529481 -0.271395279533435 -0.254795944969207 -0.376383245417165 -0.215999752357466 0.144341146382714 -0.265692147976462 -0.26779565495876 -0.316507711811299
"30058" 0.527594938041524 0.0952501484158132 0.0256376000605592 0.0757554957668821 0.798632511020055 -0.0400250013177757 -0.112034022619472 -0.0806016255542975 0.657238131337437 0.482038706221906 0 -0.164217897584191 0.113369549397705 -0.0951244692332875 -0.0931136994461648 -0.120617303328974 0.900191280075072 -0.153907551132762 0.277410586007419 0.284205691589856 -0.0494689615681391 -0.339314210458175 0.482090852795046 0.199482198248012 0.872835599280744 -0.172025701916689 -0.166347818117023 -0.189785977607091 -0.16206188870624 -0.307509999090888 0.041689424766402 0.429737709169271 -0.183493358165182 -0.177856540184159 -0.189107133921269
"46736" 0.611718515037316 0.713755882368392 0.831689174012035 0.714980387719837 -0.149511524247116 0.282644131972917 0.328670357686798 0.77343143743808 0.129933078764237 0.595860009827915 -0.164217897584191 0 0.941724125032473 0.990869841701948 0.974574814460267 0.995551573451725 -0.135747020509914 0.469367140423558 0.245737706645517 0.29410162193546 0.366713502431127 0.190068958314474 0.171285000084633 0.326781808122889 -0.119310000085619 0.110952339768778 0.431712602686447 0.370538602291973 0.388100849017951 0.169491052792433 0.0243504027826248 -0.092918298963166 0.376973561965717 0.391698065833926 0.137431003175025
"46740" 0.722419093003035 0.683353200204426 0.782358964904984 0.663505043925897 0.051913146664434 0.2161476893765 0.230941730160117 0.693284456398381 0.269708722113307 0.79387006714802 0.113369549397705 0.941724125032473 0 0.960716514580504 0.952186320905647 0.960620925755654 0.133536658969357 0.343011223217223 0.229483276316356 0.326658651280899 0.264292491496562 0.034110823682955 0.237214146619712 0.33779154513262 0.128297879798394 0.0104069100245052 0.296509721600043 0.233868558308803 0.263782083396503 0.0213507016713028 -0.0208723295394027 -0.0135863744447268 0.24441363239407 0.262636339940469 0.0401760279130891
"46778" 0.653128644361012 0.71714774278243 0.835235472900042 0.720051604861386 -0.0883122872117119 0.268833580528137 0.306708337706808 0.762789499044684 0.163472428444755 0.65027846754787 -0.0951244692332875 0.990869841701948 0.960716514580504 0 0.975762923600102 0.995228539122616 -0.0688728710379514 0.444638682730225 0.263175600553412 0.299148513066439 0.348212550568323 0.150834362361595 0.187418666563976 0.32656868726021 -0.0541766418556341 0.088983796045333 0.4060082856121 0.341970759358351 0.362596242329536 0.134143914365426 0.0182182513377563 -0.0578978651420789 0.348284886528534 0.362522028045367 0.10989382269739
"46789" 0.621050360100615 0.703817163971392 0.803877120440255 0.68153341839292 -0.118273291219764 0.27522621095567 0.316360675534066 0.753731408783991 0.183626266254244 0.638792254242365 -0.0931136994461648 0.974574814460267 0.952186320905647 0.975762923600102 0 0.981578974458655 -0.060013175933073 0.442202417653369 0.206205122866926 0.324936933880547 0.344281986251921 0.163480321819382 0.20609893900337 0.359083739227185 -0.0575478542338517 0.086914395141309 0.399578888071692 0.342578218457251 0.369451776963866 0.139288729496413 0.0102936717152777 -0.106130745392976 0.353064924742363 0.373070592372201 0.132237546158985
"46793" 0.630765162056381 0.711321190038424 0.824694694775148 0.704619965639705 -0.124056364163396 0.2730016508056 0.314458962389744 0.764134870404452 0.156321919906631 0.63639513428281 -0.120617303328974 0.995551573451725 0.960620925755654 0.995228539122616 0.981578974458655 0 -0.0912567823908642 0.448985053013208 0.232462685960742 0.300819777731708 0.347430540493954 0.165682923586207 0.18479171083211 0.334596445481372 -0.0801733792503575 0.0929182133542749 0.408899518333498 0.348190978212696 0.369417191767765 0.144962755595834 0.0132778509650477 -0.0903170797231683 0.356146593873546 0.37251203920913 0.124357920628816
"49808" 0.441935406982147 0.218940896894153 0.116007807651477 0.177051563898707 0.837761004158569 0.0802229868092264 0.0371190488231775 0.0463288177289235 0.654635610757742 0.431092386395914 0.900191280075072 -0.135747020509914 0.133536658969357 -0.0688728710379514 -0.060013175933073 -0.0912567823908642 0 0.00108004543518238 0.368033239829085 0.445365337885845 0.110237867523553 -0.230031970359552 0.495172229674451 0.375417653724261 0.927910374978851 -0.0943654282281415 -0.015084063781808 -0.0414846372320224 0.000758725861446148 -0.207543749522766 0.128646002981896 0.438729949352438 -0.0277175532734127 -0.0122398283587465 -0.0786818962238196
"50024" 0.266771867723058 0.812143435972968 0.736256603328064 0.773359220831817 0.0678462898813282 0.661478801591467 0.781537256652214 0.848799276316534 0.420284821079236 -0.180801993133804 -0.153907551132762 0.469367140423558 0.343011223217223 0.444638682730225 0.442202417653369 0.448985053013208 0.00108004543518238 0 0.607110215711816 0.779419771817544 0.917118386533034 0.637869395953893 0.593200255614266 0.821793055198143 0.0644279403915968 0.457008551563746 0.914866049142569 0.877097621792147 0.907867102291228 0.592308720031212 0.45178359330833 0.0596364582099385 0.881596104597637 0.920722155761626 0.564468341766671
"50169" 0.514349497082934 0.662367430628608 0.669723134177564 0.78070546809897 0.628418834714392 0.420265240067998 0.447188952488324 0.577104900739642 0.43142847436476 0.0598028735882949 0.277410586007419 0.245737706645517 0.229483276316356 0.263175600553412 0.206205122866926 0.232462685960742 0.368033239829085 0.607110215711816 0 0.500738945341214 0.659378160469396 0.238353919078852 0.484488781677258 0.483407474806173 0.483374617362798 0.277897859004428 0.627436530723549 0.556305664278224 0.52995746616975 0.272288441259934 0.424488810172865 0.560470091296922 0.52259845332821 0.519457334581369 0.197407644376427
"50659" 0.312378934885418 0.736193898147851 0.573354643260291 0.608830480179533 0.325456208631376 0.612821654158433 0.693948812489478 0.705547590848149 0.694360330935125 -0.00674007984661388 0.284205691589856 0.29410162193546 0.326658651280899 0.299148513066439 0.324936933880547 0.300819777731708 0.445365337885845 0.779419771817544 0.500738945341214 0 0.824373031694823 0.481343092658491 0.766504300700751 0.951843119933891 0.443262342837241 0.341348192090887 0.748269252470538 0.729322270813026 0.80057794067352 0.429277188290849 0.414941398689788 0.0942620914390329 0.751800242848686 0.807657241101056 0.512012590445855
"51762" 0.257504898820489 0.789255648400087 0.689958061320831 0.747717163529229 0.179424914520934 0.664874904469308 0.778383884407737 0.804672236353114 0.485323140756813 -0.212633652606698 -0.0494689615681391 0.366713502431127 0.264292491496562 0.348212550568323 0.344281986251921 0.347430540493954 0.110237867523553 0.917118386533034 0.659378160469396 0.824373031694823 0 0.616772984126511 0.644536039948288 0.851393972818764 0.177370302268513 0.455675610333899 0.905437784325637 0.872102584358329 0.903146797065377 0.580122021205277 0.487430339496931 0.128061988673358 0.877374976322691 0.914251148198388 0.563375201401572
"52213" -0.0897606383345845 0.41462267297532 0.332952610441386 0.355124526130227 -0.203445924125698 0.452859157126819 0.555159664548244 0.490274240679652 0.149455134462814 -0.402357330520727 -0.339314210458175 0.190068958314474 0.034110823682955 0.150834362361595 0.163480321819382 0.165682923586207 -0.230031970359552 0.637869395953893 0.238353919078852 0.481343092658491 0.616772984126511 0 0.320059634480967 0.527421496930281 -0.195394539349086 0.683426821650924 0.633255458249551 0.636971575477155 0.658791851398806 0.626415623264624 0.445448512341977 -0.13436184006326 0.642363352927032 0.671463389360073 0.611970397347312
"54849" 0.31732846301239 0.592801149692266 0.455532283675769 0.505729549798018 0.426099918461328 0.477159428765024 0.526497160152277 0.533999050479401 0.88684220476363 0.0499101603430452 0.482090852795046 0.171285000084633 0.237214146619712 0.187418666563976 0.20609893900337 0.18479171083211 0.495172229674451 0.593200255614266 0.484488781677258 0.766504300700751 0.644536039948288 0.320059634480967 0 0.77309238226968 0.511957330566405 0.24792341767375 0.572922456069686 0.545630135046349 0.597901459761439 0.289874362170294 0.351548959048313 0.186636817077405 0.558091715768551 0.602998824483996 0.366058667603159
"56620" 0.294298154479134 0.762470022539984 0.596949145953296 0.625240990825344 0.263562783269453 0.64487858257793 0.735586494970138 0.748656378418596 0.682477999104928 -0.0336751029637823 0.199482198248012 0.326781808122889 0.33779154513262 0.32656868726021 0.359083739227185 0.334596445481372 0.375417653724261 0.821793055198143 0.483407474806173 0.951843119933891 0.851393972818764 0.527421496930281 0.77309238226968 0 0.386029396693451 0.370648709041609 0.79244970666156 0.771892848341639 0.842295207516178 0.470857401883964 0.423230074823574 0.0481686988308096 0.793475778781574 0.855775476625585 0.551158835505557
"57107" 0.471935451146931 0.271067268867073 0.178489760530897 0.258547153176103 0.883389159555882 0.117448017322001 0.0636551500251272 0.0900698629689601 0.652995016836476 0.395118709646568 0.872835599280744 -0.119310000085619 0.128297879798394 -0.0541766418556341 -0.0575478542338517 -0.0801733792503575 0.927910374978851 0.0644279403915968 0.483374617362798 0.443262342837241 0.177370302268513 -0.195394539349086 0.511957330566405 0.386029396693451 0 -0.0542019761678635 0.0552691809786202 0.0197498920434045 0.0500768440736098 -0.166285820627699 0.178565359350356 0.508079610609196 0.0202522374702985 0.0343963516009397 -0.0566614133545258
"57447" -0.00722322156218041 0.317064975374204 0.267468267745151 0.304245635186544 -0.0295873812169057 0.323337125034068 0.387808461360779 0.348464891783855 0.135354494596546 -0.268784863686033 -0.172025701916689 0.110952339768778 0.0104069100245052 0.088983796045333 0.086914395141309 0.0929182133542749 -0.0943654282281415 0.457008551563746 0.277897859004428 0.341348192090887 0.455675610333899 0.683426821650924 0.24792341767375 0.370648709041609 -0.0542019761678635 0 0.459017802034215 0.450008136361982 0.457958207627565 0.441080379306968 0.361443062729597 0.00939867291755212 0.47376300560593 0.466062421595922 0.420974327058423
"57492" 0.243352092314049 0.784722035995955 0.712849988224328 0.757028838846305 0.0758385129764289 0.648979318357323 0.760844068166757 0.822114034541285 0.397579207259499 -0.217613804529481 -0.166347818117023 0.431712602686447 0.296509721600043 0.4060082856121 0.399578888071692 0.408899518333498 -0.015084063781808 0.914866049142569 0.627436530723549 0.748269252470538 0.905437784325637 0.633255458249551 0.572922456069686 0.79244970666156 0.0552691809786202 0.459017802034215 0 0.870465314879344 0.892833594357379 0.591315529966652 0.456970880661585 0.0806286322926814 0.869527950848341 0.905084821952332 0.553901746777205
"58463" 0.166554281827131 0.718210412944029 0.632806018539157 0.674132885966574 0.0252565950145209 0.627183195428815 0.740023670094626 0.760205820214091 0.376467745449076 -0.271395279533435 -0.189785977607091 0.370538602291973 0.233868558308803 0.341970759358351 0.342578218457251 0.348190978212696 -0.0414846372320224 0.877097621792147 0.556305664278224 0.729322270813026 0.872102584358329 0.636971575477155 0.545630135046349 0.771892848341639 0.0197498920434045 0.450008136361982 0.870465314879344 0 0.880631269665521 0.592633890490383 0.444742807114041 0.0316143474244747 0.84380848928347 0.882734592514651 0.559076277725236
"62208" 0.174696708612319 0.750412406378435 0.645804280287858 0.681074211704255 0.0254798256626089 0.658010657123171 0.775492676674455 0.794015242833653 0.425983165958053 -0.254795944969207 -0.16206188870624 0.388100849017951 0.263782083396503 0.362596242329536 0.369451776963866 0.369417191767765 0.000758725861446148 0.907867102291228 0.52995746616975 0.80057794067352 0.903146797065377 0.658791851398806 0.597901459761439 0.842295207516178 0.0500768440736098 0.457958207627565 0.892833594357379 0.880631269665521 0 0.60989803003222 0.45549727189552 0.00234424325055183 0.879225968404794 0.928889471758679 0.592924108030503
"64153" -0.0655302962744762 0.389752100233415 0.323741111099445 0.352997947196466 -0.153584758754296 0.417677758684096 0.509867441194357 0.453085489092528 0.131558769055079 -0.376383245417165 -0.307509999090888 0.169491052792433 0.0213507016713028 0.134143914365426 0.139288729496413 0.144962755595834 -0.207543749522766 0.592308720031212 0.272288441259934 0.429277188290849 0.580122021205277 0.626415623264624 0.289874362170294 0.470857401883964 -0.166285820627699 0.441080379306968 0.591315529966652 0.592633890490383 0.60989803003222 0 0.90720050190327 -0.0811314181591525 0.590781413017911 0.617368652326079 0.811724615374016
"64164" 0.0833193679860816 0.347871988252839 0.27968059203833 0.348325654065675 0.211174126616848 0.334880976738271 0.382622120446622 0.329736444491978 0.27191548804094 -0.215999752357466 0.041689424766402 0.0243504027826248 -0.0208723295394027 0.0182182513377563 0.0102936717152777 0.0132778509650477 0.128646002981896 0.45178359330833 0.424488810172865 0.414941398689788 0.487430339496931 0.445448512341977 0.351548959048313 0.423230074823574 0.178565359350356 0.361443062729597 0.456970880661585 0.444742807114041 0.45549727189552 0.90720050190327 0 0.16964751841849 0.435427245308975 0.45245088942608 0.717000538636184
"65296" 0.335614436736862 0.171912139573469 0.195307303450263 0.294075219219742 0.629622102946166 0.0433948917964167 0.00279791461648588 0.0524646165535344 0.239898927091638 0.144341146382714 0.429737709169271 -0.092918298963166 -0.0135863744447268 -0.0578978651420789 -0.106130745392976 -0.0903170797231683 0.438729949352438 0.0596364582099385 0.560470091296922 0.0942620914390329 0.128061988673358 -0.13436184006326 0.186636817077405 0.0481686988308096 0.508079610609196 0.00939867291755212 0.0806286322926814 0.0316143474244747 0.00234424325055183 -0.0811314181591525 0.16964751841849 0 0.00928946576387503 -0.012663583582952 -0.117611029447808
"66375" 0.161933783076341 0.722241891338668 0.630526280953399 0.666260708406785 0.0122588440072938 0.63376052707817 0.768940082491974 0.77268364489724 0.383605587981893 -0.265692147976462 -0.183493358165182 0.376973561965717 0.24441363239407 0.348284886528534 0.353064924742363 0.356146593873546 -0.0277175532734127 0.881596104597637 0.52259845332821 0.751800242848686 0.877374976322691 0.642363352927032 0.558091715768551 0.793475778781574 0.0202522374702985 0.47376300560593 0.869527950848341 0.84380848928347 0.879225968404794 0.590781413017911 0.435427245308975 0.00928946576387503 0 0.893247949747153 0.570523620826026
"68471" 0.163603916505834 0.75629884064981 0.64722953809172 0.681459536929251 0.010493567359064 0.667604156802829 0.788316882643426 0.802855441140081 0.424686358869991 -0.26779565495876 -0.177856540184159 0.391698065833926 0.262636339940469 0.362522028045367 0.373070592372201 0.37251203920913 -0.0122398283587465 0.920722155761626 0.519457334581369 0.807657241101056 0.914251148198388 0.671463389360073 0.602998824483996 0.855775476625585 0.0343963516009397 0.466062421595922 0.905084821952332 0.882734592514651 0.928889471758679 0.617368652326079 0.45245088942608 -0.012663583582952 0.893247949747153 0 0.615603327996294
"70727" -0.0603659261503076 0.381636148120784 0.276113218653745 0.296461909512674 -0.109849906541497 0.420772793108027 0.508321792703896 0.431428307154824 0.238076081215932 -0.316507711811299 -0.189107133921269 0.137431003175025 0.0401760279130891 0.10989382269739 0.132237546158985 0.124357920628816 -0.0786818962238196 0.564468341766671 0.197407644376427 0.512012590445855 0.563375201401572 0.611970397347312 0.366058667603159 0.551158835505557 -0.0566614133545258 0.420974327058423 0.553901746777205 0.559076277725236 0.592924108030503 0.811724615374016 0.717000538636184 -0.117611029447808 0.570523620826026 0.615603327996294 0
