"1591" "1888" "2030" "6421" "6641" "11263" "21115" "25686" "30576" "47479" "49750" "50864" "51367" "51548" "51586" "52165" "55102" "55946" "57106" "57274" "57978" "59233" "60223" "61084" "62303" "62306" "63314" "63599" "64565" "66667" "66672" "66840" "66845" "66848" "66850" "66861" "66987" "67132" "67233" "67252" "67339" "67352" "67359" "67380" "67483" "67569" "67632" "67676" "68789" "69168" "69267" "69464" "69755"
"1591" 0 0.555662896011793 0.557967959061123 0.00502570513646491 -0.0283242667287094 0.0274159894781047 -0.0279165537460138 -0.212423864383304 0.00857137259543567 0.0589860651182736 0.695453551685579 0.544005095737248 0.729605767059904 0.672978834828504 0.548162149485241 0.465308316723452 0.113475026345137 0.768792859961423 0.399444354430293 0.150461964897838 0.111426936391456 0.354238756440455 0.831173604059828 0.734923128990692 -0.00342888473206333 0.031827742066382 0.324488173370913 0.778485703237055 0.556499438783974 0.832341361476411 0.832205032949319 0.512754890309407 0.797686828149658 0.7550972157397 0.732664876820097 0.646153273875276 0.729805359992484 0.152823842489262 0.0224301575061373 0.74157145791671 0.807392293748851 0.8165655851498 0.844119990171446 0.741986039150049 0.832257817091973 0.836009548563588 0.735632086892209 0.810845882273176 0.777560342223185 0.768433195335375 0.666958063579368 0.781215039859458 0.604754656414544
"1888" 0.555662896011793 0 0.999627578562481 -0.0155997679295352 -0.0230489935389057 0.00233620711924222 0.00613571554203639 -0.164930233312373 -0.034171786009645 0.01868376836851 0.476085710327446 0.730440976017943 0.491915917275047 0.820098870898707 0.999273903187499 0.319322897045003 0.0583717441805375 0.545986649729294 0.251254571150945 0.334009683094188 0.0531378052849909 0.250538349058185 0.594838090006333 0.528474861824483 -0.0141004716372693 0.0113878304315467 0.519434419789802 0.543893642501045 0.383899047247095 0.593734489300107 0.596389162353013 0.361828162869907 0.562920724849606 0.533940312837693 0.515527712553894 0.463755017430954 0.524044838415507 0.0827419706274394 -0.0216204702059092 0.532369125580335 0.565259428397898 0.58538787921039 0.605109981057503 0.521146491323201 0.596842022681863 0.602629188053229 0.523835833456388 0.577793019579641 0.552414547341485 0.543207125372795 0.46751548505897 0.551210536038961 0.436421267130102
"2030" 0.557967959061123 0.999627578562481 0 -0.0148887499570341 -0.0285951078824674 -0.0060000220782242 -0.0168770461559577 -0.168988484879086 -0.025600508368284 0.0224744448720034 0.482536418330026 0.729337102077442 0.493179532216114 0.81968729910408 0.999194074740154 0.325410553591487 0.0603126101742241 0.546337817236407 0.259267960977006 0.326909324645778 0.0603339335180842 0.252721489990071 0.595321373539206 0.529698864825325 -0.0172047777109238 0.00860508998194254 0.52006878063911 0.545901326481063 0.381650816591408 0.595442651356232 0.598319076247072 0.363690943655059 0.566232091197035 0.536265788322445 0.518320536582317 0.464713603699634 0.525480324480895 0.084662574962384 -0.016606565068772 0.533943258475015 0.56770599763658 0.587388146169129 0.606571795796716 0.523048812143562 0.597465246623216 0.603886374734757 0.525214271444987 0.578335628230399 0.553288147198016 0.545672439383139 0.469072925683045 0.552824511727415 0.437005933363268
"6421" 0.00502570513646491 -0.0155997679295352 -0.0148887499570341 0 -0.0866947193148567 0.604729195231993 0.389645036755713 0.0734484814921536 0.679585000938233 0.880054532132612 0.345182957815825 0.0520710508332826 -0.00555565655353444 0.0223338670130029 -0.00981483221596037 0.449956431524401 0.398692777134104 0.0145180558157876 0.582432968802317 -0.0922047788245283 0.75131829222066 0.245782839417415 -0.0810702659804079 -0.0631958275642152 0.184446361799231 0.195157783662823 -0.00800648133047927 0.250808393789787 0.188049147955186 -0.00656715766921939 -0.0225249303131733 0.0653769212287004 0.103509626300407 0.0519292149481125 0.0927105628614733 -0.038121569343893 -0.039563231433237 0.228650868606192 0.528498026063494 -0.0403773959018679 0.0370928825991536 -0.0352283657580819 -0.0695321973441937 -0.00321586950756193 -0.098842973806027 -0.0919756943995019 -0.033172140782929 -0.10724377961976 -0.0164519624762097 0.0427842005140217 0.128407842266438 0.0824007149482992 -0.077042073907045
"6641" -0.0283242667287094 -0.0230489935389057 -0.0285951078824674 -0.0866947193148567 0 0.241153183847687 0.00496234179822238 0.882169344455646 -0.0896350881611852 -0.0826333823965851 -0.0730431651701706 0.0983075739001373 0.115415088727523 -0.0131847710158191 0.00170688344296279 -0.0916692472487171 0.447452430704408 0.224871241230252 -0.112970327547222 0.712011187556824 -0.0690858504072246 0.0957259770220303 0.106045529159524 -0.00675994594748857 0.867989418499639 0.847773276996009 0.0975285199776745 0.0797951622952414 0.429302458006736 0.0640502205637657 -0.0465331844177019 0.0263681110058453 0.00750620514501033 0.100803188247984 0.0964078593337657 0.0111340371581005 -0.0316491313349612 0.629064129022694 0.334996910718109 -0.0352654099777481 -0.01101337202216 -0.0382269691937982 -0.0378598724365907 -0.0020015247087097 0.0579774310675574 -0.0259887218419612 -0.0131114143464854 0.0440253871345868 0.233424419495797 -0.0382213955359076 0.161117104893732 0.0723308839595682 0.00320336538849339
"11263" 0.0274159894781047 0.00233620711924222 -0.0060000220782242 0.604729195231993 0.241153183847687 0 0.655250435784116 0.444482940776036 0.755823019266116 0.551879194671274 0.398268511976923 0.155794202975418 0.0916000057032407 0.0707291137889889 0.0182000824000275 0.0653878343979338 0.377005122727644 0.171656624116763 0.650130476368287 0.288927810921496 0.433943679229503 0.00659895260276573 -0.00569250691379831 -0.0455051157523638 0.339496436257212 0.319705984685498 -0.111661395487728 0.391337274775881 0.502251374871719 0.0626011103580577 -0.0125611209692489 0.129365236545615 0.159030268701026 0.145644859220377 0.187331610037461 -0.00714585269640693 -0.0282891727035656 0.351752955379848 0.794219573636666 -0.0330928645613776 0.0744410792148934 -0.0274196762985373 -0.0630539452370369 0.0107819869243703 -0.0489305395234572 -0.0857025511726121 -0.0123429058392198 -0.073371282392371 0.131732274926463 0.067729397292531 0.272927493401237 0.179984690465547 -0.0623541260780215
"21115" -0.0279165537460138 0.00613571554203639 -0.0168770461559577 0.389645036755713 0.00496234179822238 0.655250435784116 0 0.0707890117636078 0.188308901879227 0.286457585539517 0.0664575197680433 0.0740984231447956 -0.0204165052219414 0.0469668228784331 -0.00262442278549244 -0.0587569946296565 0.0148686845836702 0.0161089654211277 0.16385493072639 0.0948994388800016 0.129779899338767 -0.0515585658879262 -0.0369966317101635 -0.0431942590973777 0.0832571911586237 0.0800741392957155 -0.0529744850011018 0.135820969607018 0.185899750938627 -0.0219571434209369 -0.0294499063576881 0.00750021177271074 0.00345779325077864 -0.0108451109933674 0.00066454001249727 -0.0231703497378314 -0.0317604682808448 0.00450123528803605 0.160401829337691 -0.0361778151964853 -0.0109638772743671 -0.0420681916327334 -0.0437532289335908 -0.0331170671612938 -0.0487413183424275 -0.0563653232866157 -0.0277816121651366 -0.0565104806655618 -0.0219656039564607 -0.00674205797199246 0.0546865432186701 0.0365420493832536 -0.0384023831016716
"25686" -0.212423864383304 -0.164930233312373 -0.168988484879086 0.0734484814921536 0.882169344455646 0.444482940776036 0.0707890117636078 0 0.171247833739771 0.0619662191671776 -0.107843433566597 -0.0123407871488165 -0.0456699294650451 -0.162500910504497 -0.133948061894034 -0.191810137899035 0.473748910722145 0.0523454636990506 0.0154465416648409 0.664148340380043 0.0467959475853846 -0.0295338084801411 -0.114884694621891 -0.206564933741511 0.818558605982081 0.782178898633983 -0.0808235466996538 -0.0131281960480556 0.380133341416199 -0.132602619873068 -0.255842235004408 -0.0689088976937692 -0.143653118422505 -0.0530503374967931 -0.0390910838699196 -0.157591735218565 -0.222537394293972 0.568271666733981 0.553748465030319 -0.22914682282885 -0.19017910109466 -0.249203420089347 -0.267991410977623 -0.1810130937944 -0.171754301747706 -0.261966876484747 -0.200904069409533 -0.188879237620127 0.0498368317509404 -0.205127790064643 0.0577506177699904 -0.0799016379012308 -0.170925277843736
"30576" 0.00857137259543567 -0.034171786009645 -0.025600508368284 0.679585000938233 -0.0896350881611852 0.755823019266116 0.188308901879227 0.171247833739771 0 0.686686600659634 0.526156402294075 0.0680876589027681 0.0136163245800465 0.0118725220410463 -0.0176753372963577 0.20850919408412 0.310411279173686 0.0498283306334762 0.838288559162538 -0.0620415778407454 0.629142561563481 0.0193326090389992 -0.102301625014309 -0.0895773980821591 0.0936878920842388 0.0862898804794069 -0.101343955078261 0.351648032653746 0.29869217997292 0.00326004564737905 -0.0376184088901653 0.101534361054563 0.158405893188341 0.0981472257174642 0.157094068287067 -0.0534518451318243 -0.0605450091656412 0.28627820837034 0.830713175605299 -0.0610197562332503 0.0552716335644042 -0.0519220679641596 -0.103932068965248 -0.0129561102419463 -0.133344354759912 -0.132923734374404 -0.0489501050688927 -0.155476415337205 0.0163073400413785 0.0591103852119366 0.205380411687768 0.123906472934135 -0.110271544563845
"47479" 0.0589860651182736 0.01868376836851 0.0224744448720034 0.880054532132612 -0.0826333823965851 0.551879194671274 0.286457585539517 0.0619662191671776 0.686686600659634 0 0.396995679784129 0.0807048792353054 0.0420840944193445 0.0586444130160127 0.0254984977114729 0.543167437333731 0.451181468520772 0.0640177604508459 0.615578078074281 -0.0948666077722976 0.820377117664953 0.31451449949747 -0.0259818362932394 -0.00661960776036818 0.214725077392724 0.230458145347624 0.0256235784587539 0.29482911831928 0.214617753260411 0.0501722697434702 0.0337648637990274 0.100680080500167 0.159407424788514 0.105096376657015 0.144747670935204 0.0050399244956118 0.00969745231184909 0.259303290804831 0.535510303393327 0.0101054779392387 0.0974527278657337 0.0210776566831962 -0.00910087192487911 0.0352282616065714 -0.037209183197853 -0.0350936558192874 0.0159655843590934 -0.0540015478253118 0.0371163785648856 0.0948376016584922 0.171329836575693 0.132226108851502 -0.0364153543594141
"49750" 0.695453551685579 0.476085710327446 0.482536418330026 0.345182957815825 -0.0730431651701706 0.398268511976923 0.0664575197680433 -0.107843433566597 0.526156402294075 0.396995679784129 0 0.516042177009265 0.619558340959785 0.573684930784936 0.477570900581492 0.515522700137762 0.248011258619476 0.707152954226904 0.774390508830133 0.0975171403258506 0.415586967615319 0.324197341431168 0.683591015842758 0.607416556774188 0.0375444893106768 0.0652028128225077 0.237805422094056 0.866521177687615 0.636582431262615 0.739920336438466 0.72002203443437 0.505754393748181 0.788428365085852 0.718687741187377 0.728358290449729 0.546588539056662 0.617563541033546 0.265183795617866 0.433928645604043 0.627802429228551 0.732876656991049 0.69896287506627 0.695413383979259 0.649579459767508 0.668275011286593 0.677878951414717 0.62370614566514 0.632473049643427 0.696473566334515 0.707363719089259 0.693669909171334 0.75215177609729 0.481449515091295
"50864" 0.544005095737248 0.730440976017943 0.729337102077442 0.0520710508332826 0.0983075739001373 0.155794202975418 0.0740984231447956 -0.0123407871488165 0.0680876589027681 0.0807048792353054 0.516042177009265 0 0.505694758439981 0.661076725886954 0.732701576576302 0.302796693212992 0.152947652169384 0.58230930498702 0.328509627479364 0.351008228598798 0.114165437676009 0.247450078156619 0.591455853893486 0.509260538278922 0.109088795286821 0.127541588288818 0.36793756120695 0.609507936693057 0.491621470184234 0.596361815228736 0.576113703714148 0.373355083650868 0.57445659563581 0.554464727054352 0.542088279040639 0.453118774234901 0.504475658248249 0.174464048109336 0.132367956603287 0.511857347669931 0.561589875619011 0.564214061336806 0.577927088190519 0.511180047963409 0.582452591413273 0.573879784563229 0.508805916535452 0.558568825367957 0.584635298083316 0.536552325276722 0.513643014981294 0.571911397472763 0.417858190762595
"51367" 0.729605767059904 0.491915917275047 0.493179532216114 -0.00555565655353444 0.115415088727523 0.0916000057032407 -0.0204165052219414 -0.0456699294650451 0.0136163245800465 0.0420840944193445 0.619558340959785 0.505694758439981 0 0.569985445500482 0.490056760832889 0.391389107680057 0.197773699917987 0.728552001315893 0.359131468873412 0.261657908038008 0.0992029591242503 0.317450408481776 0.75614959940182 0.65391033146245 0.125767191654298 0.151421646734811 0.273165926417513 0.718044911795588 0.593262715912809 0.763589841472263 0.734887061181926 0.465548086596758 0.717719095977111 0.695614155901331 0.675597139252079 0.57857737380308 0.64549347141552 0.198299228233237 0.099311353213657 0.655352283110974 0.70896126537672 0.721808787208837 0.749037230356145 0.651297135774637 0.748455044104997 0.739825439157857 0.649564885589887 0.733586559920017 0.737236508311212 0.677051013863619 0.630097294427447 0.724679989932051 0.538846425192802
"51548" 0.672978834828504 0.820098870898707 0.81968729910408 0.0223338670130029 -0.0131847710158191 0.0707291137889889 0.0469668228784331 -0.162500910504497 0.0118725220410463 0.0586444130160127 0.573684930784936 0.661076725886954 0.569985445500482 0 0.817023115513917 0.372058354792302 0.0908405351707337 0.637571353617457 0.332560536575968 0.276065169360087 0.0908456872874226 0.288323046688262 0.682266206158205 0.603765013362039 0.00412749177339525 0.0321996371817476 0.434294902903194 0.65018798031583 0.472443730030729 0.685683703654091 0.684133552991231 0.42304856758093 0.657087385699619 0.6224711081038 0.604272915891871 0.531843999054714 0.599848394379801 0.117553379426554 0.0274020618193322 0.609218740888391 0.679020021743931 0.670521082133658 0.702177291489459 0.599194329526847 0.68177303912375 0.686325232213471 0.600711704883119 0.71184273602028 0.642373073551235 0.628311122572219 0.554406312149291 0.644493293718281 0.496929251140315
"51586" 0.548162149485241 0.999273903187499 0.999194074740154 -0.00981483221596037 0.00170688344296279 0.0182000824000275 -0.00262442278549244 -0.133948061894034 -0.0176753372963577 0.0254984977114729 0.477570900581492 0.732701576576302 0.490056760832889 0.817023115513917 0 0.313946976884717 0.0765220417416634 0.547288391841565 0.260316451279161 0.356145525024524 0.0606988586970682 0.248482771765735 0.588847661216997 0.520100946880768 0.0103274891832089 0.0342862256381597 0.515001068236396 0.545430420921947 0.397415971235448 0.58861532015964 0.586769936081275 0.360201170411225 0.559289398428439 0.532782576576495 0.515498291112183 0.457346057894914 0.515378721823325 0.100294952053228 0.00592145171007961 0.523518929140872 0.558888056552505 0.575987635709477 0.594402225971466 0.514491057051948 0.58888689695016 0.591866805890045 0.51598997692131 0.569223779250588 0.553703940309908 0.536368381699103 0.47070187451986 0.548808335027548 0.429058295919766
"52165" 0.465308316723452 0.319322897045003 0.325410553591487 0.449956431524401 -0.0916692472487171 0.0653878343979338 -0.0587569946296565 -0.191810137899035 0.20850919408412 0.543167437333731 0.515522700137762 0.302796693212992 0.391389107680057 0.372058354792302 0.313946976884717 0 0.512510523697444 0.410172702788185 0.411056087441361 -0.0792935290918565 0.590464854269158 0.69169799377564 0.442754730351347 0.412688848034161 0.0159033476221579 0.0521325152223165 0.303429340124585 0.496154481176704 0.278246474140788 0.472299602306995 0.48704655421407 0.311662420273041 0.492963437897717 0.439138927650494 0.438458465331082 0.366071486387442 0.421979753412669 0.230542519373939 0.099247834048755 0.427586358639669 0.475601824861025 0.476084899689345 0.478641482625454 0.422340468990796 0.445712014148497 0.469123381003267 0.42141110796278 0.428135403151823 0.408850087142902 0.462833448331185 0.391897862649841 0.459243824325762 0.335474593600073
"55102" 0.113475026345137 0.0583717441805375 0.0603126101742241 0.398692777134104 0.447452430704408 0.377005122727644 0.0148686845836702 0.473748910722145 0.310411279173686 0.451181468520772 0.248011258619476 0.152947652169384 0.197773699917987 0.0908405351707337 0.0765220417416634 0.512510523697444 0 0.24593993692948 0.303841123014866 0.359086012430196 0.46382159620575 0.430773745590583 0.139494748603666 0.0757397931878273 0.47252731643869 0.464751450127146 0.0603100619709388 0.27910425333198 0.408639975307577 0.164495226027435 0.0884333157080206 0.127458383329735 0.180204410663356 0.201649365016626 0.21581916567067 0.0839545829873088 0.0723599845873264 0.443783454670435 0.473899962121514 0.0723163826253359 0.132395637665099 0.0914140646722034 0.0737095013481565 0.103721966320654 0.107060814051843 0.065302393164725 0.0859922118179998 0.0933619558833408 0.241454277479428 0.117009595382638 0.255468706077536 0.20282350347775 0.0534921836336052
"55946" 0.768792859961423 0.545986649729294 0.546337817236407 0.0145180558157876 0.224871241230252 0.171656624116763 0.0161089654211277 0.0523454636990506 0.0498283306334762 0.0640177604508459 0.707152954226904 0.58230930498702 0.728552001315893 0.637571353617457 0.547288391841565 0.410172702788185 0.24593993692948 0 0.421360445096692 0.379500395825172 0.111057373885686 0.364356075333539 0.85985654742956 0.725314203488562 0.219506371385136 0.242966301777173 0.289824560848335 0.830326224878674 0.716753737683222 0.851841096551406 0.813493520784858 0.527912085309879 0.809303645927039 0.793419444851493 0.772875750802698 0.645297285495367 0.714386052670088 0.27809900378181 0.189572416773531 0.724821243919494 0.792592374276183 0.798741571845178 0.819761920815819 0.726133362570162 0.836948174324989 0.818074808700569 0.721782548134777 0.802832445160634 0.856790420334243 0.754365015525212 0.733810216594161 0.810468927411109 0.597185842625203
"57106" 0.399444354430293 0.251254571150945 0.259267960977006 0.582432968802317 -0.112970327547222 0.650130476368287 0.16385493072639 0.0154465416648409 0.838288559162538 0.615578078074281 0.774390508830133 0.328509627479364 0.359131468873412 0.332560536575968 0.260316451279161 0.411056087441361 0.303841123014866 0.421360445096692 0 0.00321488135899919 0.587624933111007 0.197862246382173 0.327599306921625 0.29336861532231 0.054709806924355 0.0670429880877087 0.0796240082842102 0.686140135288002 0.51914706193279 0.419877074359003 0.388545664620413 0.341649766821676 0.532406183384275 0.457738645459136 0.496237421919324 0.282120183034302 0.316096213209026 0.301779453318275 0.699625578959636 0.322711208867089 0.446990818675587 0.367559842506751 0.335089625212349 0.351281625136472 0.301680979609995 0.307693729461838 0.328564346546275 0.271786649067361 0.397906371937016 0.436117136624125 0.502633612281764 0.494550967132276 0.210478346329541
"57274" 0.150461964897838 0.334009683094188 0.326909324645778 -0.0922047788245283 0.712011187556824 0.288927810921496 0.0948994388800016 0.664148340380043 -0.0620415778407454 -0.0948666077722976 0.0975171403258506 0.351008228598798 0.261657908038008 0.276065169360087 0.356145525024524 -0.0792935290918565 0.359086012430196 0.379500395825172 0.00321488135899919 0 -0.0892457815240871 0.0775304135005076 0.292976008960114 0.158544608642927 0.613413384393162 0.590076762764568 0.102453751715947 0.2627833910871 0.53515703161196 0.246082626619265 0.14611274631345 0.142511623057041 0.188015345973934 0.263923451957355 0.253425098340137 0.156260301940274 0.135875685475452 0.368679247947025 0.324830385369755 0.134893244096874 0.167911318303939 0.147461156230697 0.15351844493536 0.162438110500559 0.238289986720829 0.163029614104706 0.153248330687023 0.21850506604482 0.385722364126486 0.139996048167779 0.30489588892528 0.24810179341608 0.138041065184873
"57978" 0.111426936391456 0.0531378052849909 0.0603339335180842 0.75131829222066 -0.0690858504072246 0.433943679229503 0.129779899338767 0.0467959475853846 0.629142561563481 0.820377117664953 0.415586967615319 0.114165437676009 0.0992029591242503 0.0908456872874226 0.0606988586970682 0.590464854269158 0.46382159620575 0.111057373885686 0.587624933111007 -0.0892457815240871 0 0.359302968936246 0.0375167952717585 0.0420129699215006 0.225799517842166 0.245275380159224 0.058972254862703 0.314270055390199 0.214111044590868 0.108771019858387 0.090896658797046 0.129047888814612 0.204937732464748 0.154717871343373 0.187276096551538 0.0508635998371856 0.0616121545682107 0.268419059719085 0.494909029862483 0.0642568420428355 0.143695231777241 0.0796386029519256 0.0504851045710374 0.0865672774558053 0.0221466661177745 0.0302545616243179 0.0671541515720087 0.00466096983098026 0.0924294963530372 0.141606935095986 0.20491264872692 0.173428584837791 0.0107131568414211
"59233" 0.354238756440455 0.250538349058185 0.252721489990071 0.245782839417415 0.0957259770220303 0.00659895260276573 -0.0515585658879262 -0.0295338084801411 0.0193326090389992 0.31451449949747 0.324197341431168 0.247450078156619 0.317450408481776 0.288323046688262 0.248482771765735 0.69169799377564 0.430773745590583 0.364356075333539 0.197862246382173 0.0775304135005076 0.359302968936246 0 0.376883677854508 0.333013693727088 0.110739613198666 0.132920166565519 0.236057165619615 0.358109390642946 0.259626611949302 0.388879854843649 0.377075235529142 0.235596548726505 0.366130137471793 0.347927052029685 0.338605174697586 0.293193185296864 0.330416444389839 0.209799133447452 0.0318142100400028 0.347557183234008 0.362235631380366 0.370299743045644 0.380154170684012 0.332000506809205 0.376075415947659 0.387509482840809 0.331154380225132 0.362826945906863 0.374466496159129 0.347560284477395 0.309059070062155 0.365968937822044 0.273440993705518
"60223" 0.831173604059828 0.594838090006333 0.595321373539206 -0.0810702659804079 0.106045529159524 -0.00569250691379831 -0.0369966317101635 -0.114884694621891 -0.102301625014309 -0.0259818362932394 0.683591015842758 0.591455853893486 0.75614959940182 0.682266206158205 0.588847661216997 0.442754730351347 0.139494748603666 0.85985654742956 0.327599306921625 0.292976008960114 0.0375167952717585 0.376883677854508 0 0.794293928702287 0.0887621786134746 0.121798683579028 0.344498977845066 0.813914343638403 0.63024569088733 0.902049984535252 0.887208755022893 0.542782442414736 0.838742503199494 0.81379968679308 0.782851191276742 0.698576553402559 0.782173508882114 0.177639586668996 -0.0067232375473503 0.798009312491556 0.84741903838403 0.876523553016434 0.906166799204282 0.781651494619659 0.910411541312113 0.905186652460682 0.787831566364695 0.879082415949337 0.868310676252367 0.805290803758859 0.718618630125698 0.83710768643066 0.658615391083563
"61084" 0.734923128990692 0.528474861824483 0.529698864825325 -0.0631958275642152 -0.00675994594748857 -0.0455051157523638 -0.0431942590973777 -0.206564933741511 -0.0895773980821591 -0.00661960776036818 0.607416556774188 0.509260538278922 0.65391033146245 0.603765013362039 0.520100946880768 0.412688848034161 0.0757397931878273 0.725314203488562 0.29336861532231 0.158544608642927 0.0420129699215006 0.333013693727088 0.794293928702287 0 -0.00533637831699937 0.0280420617563719 0.315529197939323 0.703064188839507 0.500313942457914 0.799681457743049 0.789924067033095 0.47531038859783 0.738917249232016 0.705821987706941 0.678756383223994 0.616362983321642 0.70463845388046 0.129892213514564 -0.0551481771982463 0.706659381508681 0.752381918764955 0.77661091965057 0.806239929602977 0.691117958294235 0.801950768998389 0.803201773233237 0.695167104931236 0.778017330693775 0.736943185501143 0.715545819570674 0.612934938949812 0.737221102927467 0.582642378889327
"62303" -0.00342888473206333 -0.0141004716372693 -0.0172047777109238 0.184446361799231 0.867989418499639 0.339496436257212 0.0832571911586237 0.818558605982081 0.0936878920842388 0.214725077392724 0.0375444893106768 0.109088795286821 0.125767191654298 0.00412749177339525 0.0103274891832089 0.0159033476221579 0.47252731643869 0.219506371385136 0.054709806924355 0.613413384393162 0.225799517842166 0.110739613198666 0.0887621786134746 -0.00533637831699937 0 0.997059397012534 0.130308953124426 0.146042810740292 0.438182007683238 0.0743919881854739 -0.0287246151290067 0.0519924250701446 0.049354310314284 0.122515815818155 0.126014819299911 0.0158706540263486 -0.0211222691462992 0.683926285463278 0.437970233478085 -0.0251166341758487 0.0140799899147794 -0.0249035168789821 -0.0332009137850156 0.0114056416764921 0.0457443662497423 -0.0267785337412142 -0.00246730738436604 0.028953053377506 0.221336489551212 -0.0063062957707003 0.191571497224256 0.102807211041793 -0.000880893626517233
"62306" 0.031827742066382 0.0113878304315467 0.00860508998194254 0.195157783662823 0.847773276996009 0.319705984685498 0.0800741392957155 0.782178898633983 0.0862898804794069 0.230458145347624 0.0652028128225077 0.127541588288818 0.151421646734811 0.0321996371817476 0.0342862256381597 0.0521325152223165 0.464751450127146 0.242966301777173 0.0670429880877087 0.590076762764568 0.245275380159224 0.132920166565519 0.121798683579028 0.0280420617563719 0.997059397012534 0 0.16403020972209 0.172231466572567 0.440071554946086 0.108001855162818 0.00996114183145543 0.0720045592349176 0.0820536147399557 0.150060660280385 0.152187000084242 0.044266465247038 0.012811290323719 0.692616807518482 0.414924351579351 0.00941835655712434 0.0486716770182126 0.0130693310540648 0.00634316050950493 0.0434933487578444 0.0809703381806684 0.0124187711050484 0.0305933902354485 0.0638142470319215 0.245275130231567 0.0278677418968657 0.211296619535764 0.132150394105296 0.0268142235442124
"63314" 0.324488173370913 0.519434419789802 0.52006878063911 -0.00800648133047927 0.0975285199776745 -0.111661395487728 -0.0529744850011018 -0.0808235466996538 -0.101343955078261 0.0256235784587539 0.237805422094056 0.36793756120695 0.273165926417513 0.434294902903194 0.515001068236396 0.303429340124585 0.0603100619709388 0.289824560848335 0.0796240082842102 0.102453751715947 0.058972254862703 0.236057165619615 0.344498977845066 0.315529197939323 0.130308953124426 0.16403020972209 0 0.272215481621997 0.148589649506559 0.338036089037477 0.35370539599065 0.197942582015179 0.311764726863142 0.291435829480318 0.276061434862014 0.272591220995052 0.312454105599199 0.271897610992756 -0.120434302600033 0.317820922680265 0.324180276252954 0.348398534697247 0.36427188875631 0.304389708682044 0.352793117342649 0.364500499223607 0.309418024771271 0.345247365205636 0.29707452032163 0.313168533648612 0.235601473948995 0.300023214493097 0.262919703544271
"63599" 0.778485703237055 0.543893642501045 0.545901326481063 0.250808393789787 0.0797951622952414 0.391337274775881 0.135820969607018 -0.0131281960480556 0.351648032653746 0.29482911831928 0.866521177687615 0.609507936693057 0.718044911795588 0.65018798031583 0.545430420921947 0.496154481176704 0.27910425333198 0.830326224878674 0.686140135288002 0.2627833910871 0.314270055390199 0.358109390642946 0.813914343638403 0.703064188839507 0.146042810740292 0.172231466572567 0.272215481621997 0 0.751480489499336 0.848297149952483 0.816348471005794 0.556076421606906 0.857940307842196 0.812234315578525 0.807353673715557 0.631181808841079 0.704713398349443 0.303564272121571 0.382713439198142 0.722151665025894 0.818501989879963 0.79653758604544 0.800696368011499 0.726758895495727 0.796847787959266 0.787237263230097 0.715241038760087 0.756207240605901 0.828074980628929 0.781354490522213 0.776484811848914 0.84204515348097 0.567086771767398
"64565" 0.556499438783974 0.383899047247095 0.381650816591408 0.188049147955186 0.429302458006736 0.502251374871719 0.185899750938627 0.380133341416199 0.29869217997292 0.214617753260411 0.636582431262615 0.491621470184234 0.593262715912809 0.472443730030729 0.397415971235448 0.278246474140788 0.408639975307577 0.716753737683222 0.51914706193279 0.53515703161196 0.214111044590868 0.259626611949302 0.63024569088733 0.500313942457914 0.438182007683238 0.440071554946086 0.148589649506559 0.751480489499336 0 0.646830019496653 0.566376816764426 0.426236685489756 0.639934189291633 0.645362452653659 0.645283538916191 0.46038536747617 0.492489618475633 0.419624260776679 0.516821540846047 0.49819385797841 0.590395652591925 0.55259698968965 0.555802201955207 0.523754332211853 0.596997474195357 0.546660435945554 0.508453151618887 0.563360299638159 0.71216148289684 0.562496361020126 0.66127601936223 0.663018150364283 0.404639429220755
"66667" 0.832341361476411 0.593734489300107 0.595442651356232 -0.00656715766921939 0.0640502205637657 0.0626011103580577 -0.0219571434209369 -0.132602619873068 0.00326004564737905 0.0501722697434702 0.739920336438466 0.596361815228736 0.763589841472263 0.685683703654091 0.58861532015964 0.472299602306995 0.164495226027435 0.851841096551406 0.419877074359003 0.246082626619265 0.108771019858387 0.388879854843649 0.902049984535252 0.799681457743049 0.0743919881854739 0.108001855162818 0.338036089037477 0.848297149952483 0.646830019496653 0 0.887612049342214 0.566870146937788 0.85904102220296 0.830544620362862 0.798223001528228 0.694666604692038 0.791366621660018 0.194872663689954 0.0677165592708714 0.793880440362158 0.853617749147677 0.872160386699709 0.899698789915602 0.782345810152263 0.895727565205552 0.894040119550702 0.784504974647826 0.863935381656458 0.866327993271033 0.816143324448766 0.736167857777349 0.846633254077871 0.658995678687485
"66672" 0.832205032949319 0.596389162353013 0.598319076247072 -0.0225249303131733 -0.0465331844177019 -0.0125611209692489 -0.0294499063576881 -0.255842235004408 -0.0376184088901653 0.0337648637990274 0.72002203443437 0.576113703714148 0.734887061181926 0.684133552991231 0.586769936081275 0.48704655421407 0.0884333157080206 0.813493520784858 0.388545664620413 0.14611274631345 0.090896658797046 0.377075235529142 0.887208755022893 0.789924067033095 -0.0287246151290067 0.00996114183145543 0.35370539599065 0.816348471005794 0.566376816764426 0.887612049342214 0 0.542201993375319 0.844372417617419 0.799243558496497 0.772525899069757 0.69289018379443 0.809698939453461 0.124746787335279 -0.02626891937551 0.796383215127976 0.852230738697693 0.878622957183728 0.905495433973962 0.780017880889727 0.895393422702296 0.901918535187191 0.786179360015536 0.862193048150817 0.825701656691626 0.817644998831372 0.700967537219801 0.826816339587832 0.65886450226667
"66840" 0.512754890309407 0.361828162869907 0.363690943655059 0.0653769212287004 0.0263681110058453 0.129365236545615 0.00750021177271074 -0.0689088976937692 0.101534361054563 0.100680080500167 0.505754393748181 0.373355083650868 0.465548086596758 0.42304856758093 0.360201170411225 0.311662420273041 0.127458383329735 0.527912085309879 0.341649766821676 0.142511623057041 0.129047888814612 0.235596548726505 0.542782442414736 0.47531038859783 0.0519924250701446 0.0720045592349176 0.197942582015179 0.556076421606906 0.426236685489756 0.566870146937788 0.542201993375319 0 0.543119900615173 0.515391571066819 0.506187703798404 0.421746725169652 0.473262184511076 0.146929360934 0.123683165708402 0.480706473273277 0.529069771135224 0.530799768649287 0.541491626953068 0.479338398983741 0.537153070987526 0.536108747794981 0.476089151539413 0.515428590794605 0.530631537379592 0.507371216989773 0.472727158789021 0.531640621930049 0.387966657832333
"66845" 0.797686828149658 0.562920724849606 0.566232091197035 0.103509626300407 0.00750620514501033 0.159030268701026 0.00345779325077864 -0.143653118422505 0.158405893188341 0.159407424788514 0.788428365085852 0.57445659563581 0.717719095977111 0.657087385699619 0.559289398428439 0.492963437897717 0.180204410663356 0.809303645927039 0.532406183384275 0.188015345973934 0.204937732464748 0.366130137471793 0.838742503199494 0.738917249232016 0.049354310314284 0.0820536147399557 0.311764726863142 0.857940307842196 0.639934189291633 0.85904102220296 0.844372417617419 0.543119900615173 0 0.800324245476421 0.781303593291347 0.654683715659213 0.736716990965131 0.210426029484252 0.173371512685819 0.74847600502577 0.822158401375877 0.829329767264008 0.847070757573823 0.744701948442763 0.833867300582662 0.839194279718191 0.74019331320896 0.799148001161374 0.813512626927598 0.789493778821394 0.725701214633932 0.821595525087346 0.602857742717535
"66848" 0.7550972157397 0.533940312837693 0.536265788322445 0.0519292149481125 0.100803188247984 0.145644859220377 -0.0108451109933674 -0.0530503374967931 0.0981472257174642 0.105096376657015 0.718687741187377 0.554464727054352 0.695614155901331 0.6224711081038 0.532782576576495 0.439138927650494 0.201649365016626 0.793419444851493 0.457738645459136 0.263923451957355 0.154717871343373 0.347927052029685 0.81379968679308 0.705821987706941 0.122515815818155 0.150060660280385 0.291435829480318 0.812234315578525 0.645362452653659 0.830544620362862 0.799243558496497 0.515391571066819 0.800324245476421 0 0.747569018631896 0.62621032791321 0.699557000347521 0.231824733802576 0.169246344938697 0.710365610963174 0.777923870797086 0.783704646633358 0.801876738653323 0.708869786448953 0.803855408577163 0.796283586933956 0.704530683952403 0.777727332014538 0.800092979606688 0.743949039380091 0.700230840701394 0.784462008347942 0.578414412298964
"66850" 0.732664876820097 0.515527712553894 0.518320536582317 0.0927105628614733 0.0964078593337657 0.187331610037461 0.00066454001249727 -0.0390910838699196 0.157094068287067 0.144747670935204 0.728358290449729 0.542088279040639 0.675597139252079 0.604272915891871 0.515498291112183 0.438458465331082 0.21581916567067 0.772875750802698 0.496237421919324 0.253425098340137 0.187276096551538 0.338605174697586 0.782851191276742 0.678756383223994 0.126014819299911 0.152187000084242 0.276061434862014 0.807353673715557 0.645283538916191 0.798223001528228 0.772525899069757 0.506187703798404 0.781303593291347 0.747569018631896 0 0.603865204628614 0.674453847960536 0.24356975069269 0.217033954659453 0.684898691320673 0.75775958990923 0.756577224375954 0.773714126724035 0.731299442266987 0.771192974247143 0.763642287148202 0.680042824615466 0.738698800247778 0.777272959644022 0.725008509237251 0.692210553241255 0.772945262942159 0.553932956101235
"66861" 0.646153273875276 0.463755017430954 0.464713603699634 -0.038121569343893 0.0111340371581005 -0.00714585269640693 -0.0231703497378314 -0.157591735218565 -0.0534518451318243 0.0050399244956118 0.546588539056662 0.453118774234901 0.57857737380308 0.531843999054714 0.457346057894914 0.366071486387442 0.0839545829873088 0.645297285495367 0.282120183034302 0.156260301940274 0.0508635998371856 0.293193185296864 0.698576553402559 0.616362983321642 0.0158706540263486 0.044266465247038 0.272591220995052 0.631181808841079 0.46038536747617 0.694666604692038 0.69289018379443 0.421746725169652 0.654683715659213 0.62621032791321 0.603865204628614 0 0.609561168276028 0.112870479692473 -0.0170711253118379 0.619206507218073 0.657280188037025 0.680851997333568 0.704170480899094 0.607519470409645 0.699361727831362 0.725310203116917 0.610027440726874 0.67682641428659 0.65452559929857 0.630364726469168 0.549339516107907 0.643346432451597 0.509667430986603
"66987" 0.729805359992484 0.524044838415507 0.525480324480895 -0.039563231433237 -0.0316491313349612 -0.0282891727035656 -0.0317604682808448 -0.222537394293972 -0.0605450091656412 0.00969745231184909 0.617563541033546 0.504475658248249 0.64549347141552 0.599848394379801 0.515378721823325 0.421979753412669 0.0723599845873264 0.714386052670088 0.316096213209026 0.135875685475452 0.0616121545682107 0.330416444389839 0.782173508882114 0.70463845388046 -0.0211222691462992 0.012811290323719 0.312454105599199 0.704713398349443 0.492489618475633 0.791366621660018 0.809698939453461 0.473262184511076 0.736716990965131 0.699557000347521 0.674453847960536 0.609561168276028 0 0.104911401394014 -0.0427020697162084 0.700193757138201 0.754749520584743 0.769892845416029 0.799478106391825 0.68492813012255 0.785655295414247 0.793745584166008 0.688511781132253 0.76117923865786 0.738504994220697 0.712255147256548 0.608776121415095 0.732515661821473 0.614108074389928
"67132" 0.152823842489262 0.0827419706274394 0.084662574962384 0.228650868606192 0.629064129022694 0.351752955379848 0.00450123528803605 0.568271666733981 0.28627820837034 0.259303290804831 0.265183795617866 0.174464048109336 0.198299228233237 0.117553379426554 0.100294952053228 0.230542519373939 0.443783454670435 0.27809900378181 0.301779453318275 0.368679247947025 0.268419059719085 0.209799133447452 0.177639586668996 0.129892213514564 0.683926285463278 0.692616807518482 0.271897610992756 0.303564272121571 0.419624260776679 0.194872663689954 0.124746787335279 0.146929360934 0.210426029484252 0.231824733802576 0.24356975069269 0.112870479692473 0.104911401394014 0 0.455476209638486 0.105387076379855 0.164917314616207 0.121006898375934 0.108250284026002 0.135312286280184 0.148830872451318 0.10423958739158 0.126758604489604 0.126071188323007 0.27864147116744 0.148030043988636 0.279242857809339 0.235733871584698 0.0820355193053448
"67233" 0.0224301575061373 -0.0216204702059092 -0.016606565068772 0.528498026063494 0.334996910718109 0.794219573636666 0.160401829337691 0.553748465030319 0.830713175605299 0.535510303393327 0.433928645604043 0.132367956603287 0.099311353213657 0.0274020618193322 0.00592145171007961 0.099247834048755 0.473899962121514 0.189572416773531 0.699625578959636 0.324830385369755 0.494909029862483 0.0318142100400028 -0.0067232375473503 -0.0551481771982463 0.437970233478085 0.414924351579351 -0.120434302600033 0.382713439198142 0.516821540846047 0.0677165592708714 -0.02626891937551 0.123683165708402 0.173371512685819 0.169246344938697 0.217033954659453 -0.0170711253118379 -0.0427020697162084 0.455476209638486 0 -0.0445478644330976 0.0740546907294539 -0.0359121585371971 -0.0800155124243005 0.0117722484115883 -0.0549344302773433 -0.100882757417746 -0.022622493075447 -0.0791145966716139 0.16747275401846 0.0614727704882749 0.292617215107113 0.177616907649147 -0.0732920076507458
"67252" 0.74157145791671 0.532369125580335 0.533943258475015 -0.0403773959018679 -0.0352654099777481 -0.0330928645613776 -0.0361778151964853 -0.22914682282885 -0.0610197562332503 0.0101054779392387 0.627802429228551 0.511857347669931 0.655352283110974 0.609218740888391 0.523518929140872 0.427586358639669 0.0723163826253359 0.724821243919494 0.322711208867089 0.134893244096874 0.0642568420428355 0.347557183234008 0.798009312491556 0.706659381508681 -0.0251166341758487 0.00941835655712434 0.317820922680265 0.722151665025894 0.49819385797841 0.793880440362158 0.796383215127976 0.480706473273277 0.74847600502577 0.710365610963174 0.684898691320673 0.619206507218073 0.700193757138201 0.105387076379855 -0.0445478644330976 0 0.753178483860227 0.807150619795381 0.809213896727708 0.695884469165262 0.800088069398477 0.809876237889365 0.699515624271085 0.773131588643738 0.735268050974755 0.72674753457814 0.617761353759727 0.737575311213103 0.583969421207527
"67339" 0.807392293748851 0.565259428397898 0.56770599763658 0.0370928825991536 -0.01101337202216 0.0744410792148934 -0.0109638772743671 -0.19017910109466 0.0552716335644042 0.0974527278657337 0.732876656991049 0.561589875619011 0.70896126537672 0.679020021743931 0.558888056552505 0.475601824861025 0.132395637665099 0.792592374276183 0.446990818675587 0.167911318303939 0.143695231777241 0.362235631380366 0.84741903838403 0.752381918764955 0.0140799899147794 0.0486716770182126 0.324180276252954 0.818501989879963 0.590395652591925 0.853617749147677 0.852230738697693 0.529069771135224 0.822158401375877 0.777923870797086 0.75775958990923 0.657280188037025 0.754749520584743 0.164917314616207 0.0740546907294539 0.753178483860227 0 0.830033721512851 0.864910025691868 0.753102135395118 0.840735094334217 0.846177186987992 0.746863241640382 0.819849187422886 0.802424118289012 0.781359420036979 0.694969212149922 0.802475691406801 0.611992084290539
