"61" "70" "97" "118" "155" "552" "945" "957" "2019" "2285" "2472" "2907" "3346" "3594" "3623" "4377" "4859" "6283" "9180" "43615" "48615" "51631" "51816" "52367" "53084" "55789" "55929" "56804" "57211" "57716" "59602" "59620" "59972" "60010" "60900" "65434" "65953" "67117" "67650" "68019" "68842" "69344" "69682" "69935"
"61" 0 0.317330726959999 0.669936117917789 0.467088876029042 0.331787554458967 0.32116114355137 0.298125406611904 -0.144686527512997 -0.124447105831238 -0.0433373729488406 -0.211260092005891 -0.069642973355374 -0.0427229042985708 -0.243452644610962 0.0111139153655592 0.441353731008577 0.129475539581395 -0.0117722018237769 -0.0466961704826337 0.275197491737579 -0.13477158655086 -0.164224514431671 -0.230786634624569 0.0717902419224968 -0.263000278751986 0.493443652048001 0.102555127519001 -0.243946179531648 -0.176922808072633 -0.154145317014507 -0.201138516173736 -0.00163441245543023 -0.23585627286164 -0.00582226715683315 -0.228285681364728 -0.137486029690392 0.561558552810344 -0.133140684195223 -0.234916776324408 0.449444038190353 -0.183136253516731 -0.092139446862669 -0.19309416967359 -0.198400097758498
"70" 0.317330726959999 0 -0.0381287632749976 0.310659837998181 0.890389372394436 -0.208903150244471 0.0649701171372838 0.240939678958275 0.00835483293468996 0.102411487442865 -0.0226131951031416 -0.0473574631533683 -0.00279872405543691 0.0773935728972376 -0.0612461664620601 0.000922381230563585 0.43567787705626 0.106397274848054 0.466919064034856 0.0380799770377022 -0.01326179972282 0.00158685156199958 -0.0487278249943594 0.0708030568846717 0.102437971047111 -0.097829477850072 -0.105505757639432 0.026534557313524 -0.00604577938401776 -0.123952147226355 0.0570754561496058 -0.0899728195145781 -0.0682940286326821 -0.115437266149812 0.176660442005139 -0.0224609823881176 -0.0823939799819889 -0.0369819311867405 -0.018810625323739 -0.14155047353335 -0.0243238441394867 -0.139439889620209 -0.0261299604298984 -0.0262665806227461
"97" 0.669936117917789 -0.0381287632749976 0 0.478847185699573 -0.0173546413203095 0.51883246588106 0.350838578348518 -0.0942760742895475 -0.138655376908086 0.114523436021098 -0.193539711926446 0.0418753620741448 -0.107727549290339 -0.337530979903033 0.134989537246649 0.445453213124146 0.0903689442240486 -0.169323906238036 -0.102023488556445 0.319783176838172 -0.241815868273455 0.0382485782119491 -0.179877740505853 0.148189605968242 -0.179627669055201 0.437225971306275 0.29131477847336 -0.130725915776928 0.0364745384169616 0.0631872398133273 -0.0362315730917195 0.00841082582492178 -0.184350767341513 0.0256008240037221 -0.185473175828999 -0.161294752541661 0.469442472210832 0.0757702437609808 -0.0332421556286988 0.411159266971072 0.0310916759041305 0.0643244253892934 -0.00768595367369177 0.00617761759656386
"118" 0.467088876029042 0.310659837998181 0.478847185699573 0 0.168224158843018 0.674151629973056 0.483179099578864 0.0227216072420781 -0.103622924754948 0.200726118594217 -0.221617411967199 0.141052338219927 -0.242142656841015 -0.410657075400853 0.20908204705069 0.416449235644267 0.350913895397937 -0.353453182356556 0.0272470159795075 0.414709669546817 -0.282916461892476 0.129652367135658 -0.174215520970621 0.279821119900704 -0.111310429176141 0.136250662483163 0.549160455977626 -0.0811652149368193 0.134880997176711 0.136621438081639 0.063799743089784 0.0747899257889484 -0.196294462596616 0.101248548647316 -0.109816759722786 -0.160029930363741 0.131120405545314 0.145252227807629 0.0473416115763414 0.130661246757737 0.118336082200345 0.0334054192191373 0.0286490533336044 0.0808886875369527
"155" 0.331787554458967 0.890389372394436 -0.0173546413203095 0.168224158843018 0 -0.22280275280082 0.010238935126094 0.375402900545522 0.118224447833111 0.20042423939208 0.120673418185791 -0.00892397540273889 0.204511562041496 0.318745259669014 -0.060188110124117 0.043424455853069 0.458808249126788 0.420556664995657 0.661255097946275 0.00537527055972677 0.100759915804653 0.0856488018685054 0.0407202289165964 0.163228847819913 0.271632323510774 0.166472191000363 -0.0818219971890867 0.172801701866015 0.0735286393484354 -0.125303681823873 0.162795795890507 -0.0178989091700153 0.0367619391559959 -0.0474914154030594 0.354731670653506 0.108012265937135 0.151361112175471 0.0412392450681694 0.0948844122449274 0.0908930421928326 0.0589607318099924 -0.0440861960075851 0.129721336277682 0.078022656249818
"552" 0.32116114355137 -0.208903150244471 0.51883246588106 0.674151629973056 -0.22280275280082 0 0.430151777153505 -0.0169776649028115 -0.0687059750113752 0.226798463896354 -0.154696415030112 0.192494033045072 -0.165476941117459 -0.364190089609947 0.255673338617614 0.436840332410934 0.16795415930321 -0.293642027279693 -0.0961391849261566 0.390356441670275 -0.252858526374321 0.196220874472449 -0.112272386779365 0.300209744833131 -0.0752094155646068 0.285198353611113 0.509335497459418 -0.0173029099134108 0.20406466206587 0.223654947454264 0.109292030729558 0.139591959584483 -0.0920806304313889 0.203025925674255 -0.107392738640855 -0.105102161887412 0.270302423613386 0.227265168502597 0.133743591405858 0.288361018917918 0.197731850508197 0.158371412994801 0.133749208775753 0.16735943704162
"945" 0.298125406611904 0.0649701171372838 0.350838578348518 0.483179099578864 0.010238935126094 0.430151777153505 0 -0.0163899707181361 -0.0272943768178456 0.161859032674337 0.14542884057546 0.180227441088679 -0.158701267697009 -0.323823038753734 0.068806000141547 0.740681619940394 0.266367184140424 -0.246594692280145 -0.0349026738934211 0.740683453859598 -0.0505278541896311 0.105774704029266 0.11371416123992 -0.0373343307141412 -0.102252832743484 0.261191240705944 0.396756438779846 -0.065710662809894 0.109272136187989 0.416540766463328 0.0425498881957899 -0.0162764298118844 0.110856408326243 0.00190616302565738 -0.110527010078614 -0.067308975750368 0.237222127944923 0.127707234866283 0.042462573547752 0.383856358353245 0.100041944671764 0.402945177431463 0.040884986024692 0.0725073545055337
"957" -0.144686527512997 0.240939678958275 -0.0942760742895475 0.0227216072420781 0.375402900545522 -0.0169776649028115 -0.0163899707181361 0 0.270019465494124 0.816339423308459 0.407400645957931 0.33638627198144 0.267665597616665 0.500513581976217 0.22534321898059 -0.13254171809227 0.343735835056322 0.406451939956345 0.731770172589621 -0.0265017997006657 -0.000463612189139979 0.80000259329931 0.359198129224849 0.480447035439792 0.880388877323837 -0.0872478961510159 0.322305893131338 0.772888166040386 0.81577897151002 0.449224282693366 0.856937965005048 0.0304198612327314 0.362369959692132 0.0387520459838681 0.899767468886576 0.241341556984319 -0.0484957231620992 0.722212879396644 0.864147005565023 -0.254996574213377 0.798051219726556 0.429135714975537 0.872775239335409 0.823558570284001
"2019" -0.124447105831238 0.00835483293468996 -0.138655376908086 -0.103622924754948 0.118224447833111 -0.0687059750113752 -0.0272943768178456 0.270019465494124 0 0.0127803136543787 0.230139814802568 0.634640335704055 0.288614017829822 0.572177554010585 -0.0842903127473646 -0.100924348969587 0.311476851639169 0.449569562863919 0.255924203259561 -0.00831198618494705 0.510510089481545 0.0731771183308123 0.193333440198087 0.0602352939613323 0.37617329470915 -0.0423521322497772 0.127061503533236 0.296039938233582 0.0714409720678534 -0.14401311390546 0.174626628372304 0.460936392056252 0.20632917626908 0.466128384811409 0.394949032176676 0.574137595163902 -0.0180079296949242 0.0225187229493969 0.174029916730205 -0.139219059519974 0.0793474112167921 -0.0870428113143614 0.179547005785012 0.122220931315933
"2285" -0.0433373729488406 0.102411487442865 0.114523436021098 0.200726118594217 0.20042423939208 0.226798463896354 0.161859032674337 0.816339423308459 0.0127803136543787 0 0.21833245585184 0.298250835674999 0.0838923998856404 0.108673461796576 0.317731440984294 0.0774277193697073 0.304246926427173 0.0955911248765688 0.605538280780804 0.123687714447758 -0.362699213912576 0.918352224202973 0.216301962743778 0.440337390700553 0.735594565674153 0.0772393027666135 0.517793618948507 0.687274272602697 0.937756307262932 0.616069379417629 0.890585499570983 -0.219655411941515 0.206862400837182 -0.201090706010179 0.726480175049462 -0.0401819564265936 0.0991605715494196 0.877224630367978 0.914990535723187 -0.0766025486625449 0.916325570080935 0.529963252913297 0.920550520656509 0.905921726617708
"2472" -0.211260092005891 -0.0226131951031416 -0.193539711926446 -0.221617411967199 0.120673418185791 -0.154696415030112 0.14542884057546 0.407400645957931 0.230139814802568 0.21833245585184 0 0.0727148429699908 0.291309235785911 0.542435345342235 0.118926180751336 0.0637307287966774 -0.0328165735950276 0.441389165676579 0.343835272611984 0.147225344376736 0.447301376522332 0.260756575656171 0.693046611987512 0.447436080275364 0.493560402439378 -0.173453561163451 -0.119990090568672 0.412513976899321 0.264781557251995 0.563813696063446 0.344619931695849 0.24124662067156 0.721764593438073 0.241864048249543 0.505311859377801 0.253895038575043 -0.151239612153665 0.208954015973799 0.351330657583386 -0.0428449202112001 0.266591360563297 0.68603338141863 0.36375076882588 0.304084128571202
"2907" -0.069642973355374 -0.0473574631533683 0.0418753620741448 0.141052338219927 -0.00892397540273889 0.192494033045072 0.180227441088679 0.33638627198144 0.634640335704055 0.298250835674999 0.0727148429699908 0 0.0882606017853449 0.214654956511203 0.0479623094466867 0.0687839866469452 0.39845145138654 0.112223488108407 0.244038332867755 0.162356576892775 0.138046144052694 0.330825046279919 0.0909458367970934 0.0532026419770064 0.36728243414061 0.0150301801055287 0.411581741019613 0.33107775425759 0.339921451890252 0.104352447769866 0.354470149352008 0.229348059578849 0.0899356133735489 0.250195500102748 0.358622700290888 0.338414847824067 0.04556860334217 0.298263520859934 0.370161990748264 -0.0989697875091472 0.336800556762203 0.0547266383725546 0.358654387095483 0.346510748195625
"3346" -0.0427229042985708 -0.00279872405543691 -0.107727549290339 -0.242142656841015 0.204511562041496 -0.165476941117459 -0.158701267697009 0.267665597616665 0.288614017829822 0.0838923998856404 0.291309235785911 0.0882606017853449 0 0.52758507515526 0.663267103650816 -0.0866937448609598 0.011705773682212 0.552092089354208 0.261546835273172 -0.122062949959795 0.331561606276718 0.0836825166175889 0.207569203971155 0.175478291781646 0.336771628560039 0.131242620876755 -0.0662838214120035 0.265539111082901 0.0756627676467508 -0.0661950740080994 0.163605820485931 0.221160338167945 0.228932781424685 0.210503284852355 0.366389448121329 0.321306410302831 0.112150982041683 0.0498898901225128 0.160540194585743 0.0751342021768504 0.0834302945946605 0.0699090084435995 0.205626508004695 0.12512266314765
"3594" -0.243452644610962 0.0773935728972376 -0.337530979903033 -0.410657075400853 0.318745259669014 -0.364190089609947 -0.323823038753734 0.500513581976217 0.572177554010585 0.108673461796576 0.542435345342235 0.214654956511203 0.52758507515526 0 -0.0520012458672386 -0.343404806155351 0.100740013023858 0.83266880537657 0.482676572877669 -0.268557917450255 0.642530357685065 0.163077301705407 0.426937005438375 0.323996916920048 0.643564267311324 -0.110319296514626 -0.154373883519762 0.506990049915998 0.158696555975449 -0.0755541510634434 0.324997695203202 0.461329922753352 0.455491383256806 0.449161296437616 0.687512961295037 0.618134231538256 -0.0937092277202721 0.0839401201969772 0.318948744013243 -0.206395588445507 0.170724731389655 0.0811386059751429 0.351615700040353 0.239290577203948
"3623" 0.0111139153655592 -0.0612461664620601 0.134989537246649 0.20908204705069 -0.060188110124117 0.255673338617614 0.068806000141547 0.22534321898059 -0.0842903127473646 0.317731440984294 0.118926180751336 0.0479623094466867 0.663267103650816 -0.0520012458672386 0 0.0168285692543016 0.0166184611111788 -0.0838240445016126 0.134535148524296 0.0520263570633978 -0.17334534631919 0.316461096214474 0.120915990859837 0.401329054470166 0.203596565510154 -0.0559172759875874 0.138639605004152 0.205095052909755 0.326183175885401 0.325872226641866 0.290058564837988 0.0186709477431243 0.118728889555106 0.038087499922137 0.186367697298913 -0.103075792183438 -0.0401883282389733 0.308503872788068 0.307091060095943 -0.0627555209282431 0.319199342305906 0.275454323089166 0.297218551509314 0.308867225841485
"4377" 0.441353731008577 0.000922381230563585 0.445453213124146 0.416449235644267 0.043424455853069 0.436840332410934 0.740681619940394 -0.13254171809227 -0.100924348969587 0.0774277193697073 0.0637307287966774 0.0687839866469452 -0.0866937448609598 -0.343404806155351 0.0168285692543016 0 0.146102906691709 -0.126014455456205 -0.116535972740502 0.696227533497739 -0.0809779374464067 -0.0192884824667516 0.00960129377192264 -0.0962755365657124 -0.229577327419245 0.528071167636017 0.337263279106821 -0.180082546476927 -0.0248708707597338 0.272053763117498 -0.0940727202115634 -0.0739637253998363 0.01437212835835 -0.0660176777947566 -0.226976983568316 -0.12310701982955 0.4653007854756 0.0237346824065578 -0.0973633480432516 0.660028722494131 -0.029643959040594 0.339522198960852 -0.0591828319077743 -0.0534061213165832
"4859" 0.129475539581395 0.43567787705626 0.0903689442240486 0.350913895397937 0.458808249126788 0.16795415930321 0.266367184140424 0.343735835056322 0.311476851639169 0.304246926427173 -0.0328165735950276 0.39845145138654 0.011705773682212 0.100740013023858 0.0166184611111788 0.146102906691709 0 0.0422154393638808 0.544074096152185 0.232465397547631 0.0426763675167692 0.280370568764789 -0.0103662622691023 0.0178759584229189 0.292867707033534 0.105007151361165 0.387115382939472 0.243905175961087 0.286008404180463 0.0361297853459328 0.303026043689629 0.140864788579219 -0.00759719165249641 0.149625222841299 0.310031909444655 0.238275736597585 0.134756977652578 0.245567499648269 0.286382601559882 -0.0111656954929034 0.273609943631551 -0.0337022803604498 0.269601255289484 0.272354810821557
"6283" -0.0117722018237769 0.106397274848054 -0.169323906238036 -0.353453182356556 0.420556664995657 -0.293642027279693 -0.246594692280145 0.406451939956345 0.449569562863919 0.0955911248765688 0.441389165676579 0.112223488108407 0.552092089354208 0.83266880537657 -0.0838240445016126 -0.126014455456205 0.0422154393638808 0 0.4246776573482 -0.189743868380541 0.535074417732649 0.0823189858292779 0.304207100892927 0.262413752633746 0.499294208061718 0.210438905601663 -0.142828560928286 0.381022232554508 0.0667536755731482 -0.153429499491202 0.216900729028645 0.342907401902269 0.33632016057019 0.321400421133153 0.557298456431051 0.500821353135073 0.177404999666681 0.0920007068866493 0.199812408491808 0.124986555371154 0.07835952318622 0.0680743798258213 0.271328014514856 0.145452252188181
"9180" -0.0466961704826337 0.466919064034856 -0.102023488556445 0.0272470159795075 0.661255097946275 -0.0961391849261566 -0.0349026738934211 0.731770172589621 0.255924203259561 0.605538280780804 0.343835272611984 0.244038332867755 0.261546835273172 0.482676572877669 0.134535148524296 -0.116535972740502 0.544074096152185 0.4246776573482 0 -0.0395349276394205 0.0741339761571455 0.572544039884439 0.286774803349536 0.38978548229766 0.706675913322232 0.0593288337546067 0.183899245032286 0.599540806729221 0.576871202559654 0.271551230249649 0.654331559394087 0.0542808750876601 0.289402823279353 0.0523553395371895 0.741104438500474 0.236663365572268 0.0859315176181614 0.502196364635261 0.630281167436465 -0.0814506412609203 0.566634789003802 0.27938068315096 0.642760283688643 0.588683688072519
"43615" 0.275197491737579 0.0380799770377022 0.319783176838172 0.414709669546817 0.00537527055972677 0.390356441670275 0.740683453859598 -0.0265017997006657 -0.00831198618494705 0.123687714447758 0.147225344376736 0.162356576892775 -0.122062949959795 -0.268557917450255 0.0520263570633978 0.696227533497739 0.232465397547631 -0.189743868380541 -0.0395349276394205 0 -0.0149218229855246 0.0751737083662576 0.111551764064222 -0.0368142801687348 -0.0972744964517988 0.256199093947732 0.349931745478591 -0.065274343362712 0.077142464222929 0.362784753146753 0.021411368953885 0.00561830165401068 0.111200516836029 0.0213201342525667 -0.103519172076847 -0.0405511527672846 0.236895161849094 0.0957703636713822 0.0216895123950881 0.376831237668376 0.07016866855468 0.365467783413592 0.0249146325778444 0.0479619625123489
"48615" -0.13477158655086 -0.01326179972282 -0.241815868273455 -0.282916461892476 0.100759915804653 -0.252858526374321 -0.0505278541896311 -0.000463612189139979 0.510510089481545 -0.362699213912576 0.447301376522332 0.138046144052694 0.331561606276718 0.642530357685065 -0.17334534631919 -0.0809779374464067 0.0426763675167692 0.535074417732649 0.0741339761571455 -0.0149218229855246 0 -0.283648666833976 0.343673778109878 0.0495468096491437 0.149914539102202 -0.110873572927645 -0.231873521280173 0.0723891342593406 -0.295061593901752 -0.172200570170725 -0.152807766637632 0.627441916491889 0.447429779427376 0.610275854542553 0.180451290658678 0.668997234931798 -0.10021489933751 -0.324672547672038 -0.165259788808395 -0.0549987477025655 -0.277274746567281 -0.0252057717418934 -0.151805545930537 -0.221400030953458
"51631" -0.164224514431671 0.00158685156199958 0.0382485782119491 0.129652367135658 0.0856488018685054 0.196220874472449 0.105774704029266 0.80000259329931 0.0731771183308123 0.918352224202973 0.260756575656171 0.330825046279919 0.0836825166175889 0.163077301705407 0.316461096214474 -0.0192884824667516 0.280370568764789 0.0823189858292779 0.572544039884439 0.0751737083662576 -0.283648666833976 0 0.263248760559536 0.421586712631009 0.757109092524596 -0.040806916221022 0.490075833297615 0.707812354627768 0.928801171496455 0.619976212183148 0.888880356393816 -0.142195380422747 0.258971730411939 -0.119135180250551 0.740142408267459 0.0250125794171743 -0.00197803225310071 0.857829000505539 0.918210552361647 -0.189850443803654 0.906100684028036 0.518651178653395 0.911728034129682 0.902581246365545
"51816" -0.230786634624569 -0.0487278249943594 -0.179877740505853 -0.174215520970621 0.0407202289165964 -0.112272386779365 0.11371416123992 0.359198129224849 0.193333440198087 0.216301962743778 0.693046611987512 0.0909458367970934 0.207569203971155 0.426937005438375 0.120915990859837 0.00960129377192264 -0.0103662622691023 0.304207100892927 0.286774803349536 0.111551764064222 0.343673778109878 0.263248760559536 0 0.377992620576789 0.433702430689021 -0.213559942977159 -0.0672446203872972 0.371201586119443 0.271104944241403 0.503256926288355 0.327433797210751 0.197976690304585 0.599539973431482 0.202938198686636 0.445387045873116 0.207410049339 -0.182558930920955 0.217597472215811 0.339258682779953 -0.11437816648268 0.270550956948753 0.573388290619407 0.336656835811624 0.29845818575675
"52367" 0.0717902419224968 0.0708030568846717 0.148189605968242 0.279821119900704 0.163228847819913 0.300209744833131 -0.0373343307141412 0.480447035439792 0.0602352939613323 0.440337390700553 0.447436080275364 0.0532026419770064 0.175478291781646 0.323996916920048 0.401329054470166 -0.0962755365657124 0.0178759584229189 0.262413752633746 0.38978548229766 -0.0368142801687348 0.0495468096491437 0.421586712631009 0.377992620576789 0 0.492694302418132 -0.131881467601204 0.0050737260140548 0.435204245686869 0.428817136285956 0.420535417876406 0.460185826202299 0.329758161271685 0.386166460416024 0.352612921780436 0.500044436970509 0.058911478363419 -0.110716351185624 0.380906078783155 0.468917690055015 -0.135803496084075 0.424887265080308 0.444908893907779 0.473461258676945 0.439583788320614
"53084" -0.263000278751986 0.102437971047111 -0.179627669055201 -0.111310429176141 0.271632323510774 -0.0752094155646068 -0.102252832743484 0.880388877323837 0.37617329470915 0.735594565674153 0.493560402439378 0.36728243414061 0.336771628560039 0.643564267311324 0.203596565510154 -0.229577327419245 0.292867707033534 0.499294208061718 0.706675913322232 -0.0972744964517988 0.149914539102202 0.757109092524596 0.433702430689021 0.492694302418132 0 -0.146959412454649 0.266046681140484 0.807333339253515 0.769199679970715 0.418501187824102 0.840550769216003 0.153325071419549 0.443868408717247 0.163384746921117 0.934816656426709 0.362592651191392 -0.101187296457866 0.672994037977032 0.85548816259711 -0.307996599998707 0.760839446770977 0.413534347939695 0.862676111691866 0.80030898416648
"55789" 0.493443652048001 -0.097829477850072 0.437225971306275 0.136250662483163 0.166472191000363 0.285198353611113 0.261191240705944 -0.0872478961510159 -0.0423521322497772 0.0772393027666135 -0.173453561163451 0.0150301801055287 0.131242620876755 -0.110319296514626 -0.0559172759875874 0.528071167636017 0.105007151361165 0.210438905601663 0.0593288337546067 0.256199093947732 -0.110873572927645 -0.040806916221022 -0.213559942977159 -0.131881467601204 -0.146959412454649 0 0.252881343421442 -0.116168807478301 -0.0551304401130563 -0.139704172769829 -0.0915603935442002 -0.085458049836497 -0.200560885996589 -0.0917742787446302 -0.130610822053739 -0.033170430550419 0.816344819155605 0.00318312855266165 -0.090291705192471 0.861812648068715 -0.051832135843675 0.00262707337039704 -0.00281638631722964 -0.0532885764778022
"55929" 0.102555127519001 -0.105505757639432 0.29131477847336 0.549160455977626 -0.0818219971890867 0.509335497459418 0.396756438779846 0.322305893131338 0.127061503533236 0.517793618948507 -0.119990090568672 0.411581741019613 -0.0662838214120035 -0.154373883519762 0.138639605004152 0.337263279106821 0.387115382939472 -0.142828560928286 0.183899245032286 0.349931745478591 -0.231873521280173 0.490075833297615 -0.0672446203872972 0.0050737260140548 0.266046681140484 0.252881343421442 0 0.279880655819964 0.50337750041344 0.263515328070686 0.431124841639115 -0.0277165495542069 -0.0773445124344247 0.00144324598146017 0.240450134405495 0.075044199128517 0.259201041972061 0.488608225358191 0.457365666986388 0.13416506201944 0.491732076181398 0.164682402940789 0.454605208051255 0.470877139995469
"56804" -0.243946179531648 0.026534557313524 -0.130725915776928 -0.0811652149368193 0.172801701866015 -0.0173029099134108 -0.065710662809894 0.772888166040386 0.296039938233582 0.687274272602697 0.412513976899321 0.33107775425759 0.265539111082901 0.506990049915998 0.205095052909755 -0.180082546476927 0.243905175961087 0.381022232554508 0.599540806729221 -0.065274343362712 0.0723891342593406 0.707812354627768 0.371201586119443 0.435204245686869 0.807333339253515 -0.116168807478301 0.279880655819964 0 0.721231893251608 0.418076588745334 0.763841753132592 0.100701342980673 0.379129107894197 0.11328779421712 0.813082447874522 0.279974832834002 -0.0756197446695706 0.639213308771633 0.784582785500489 -0.261112438690895 0.713173935361588 0.398716257685212 0.788713599376699 0.738370431759613
"57211" -0.176922808072633 -0.00604577938401776 0.0364745384169616 0.134880997176711 0.0735286393484354 0.20406466206587 0.109272136187989 0.81577897151002 0.0714409720678534 0.937756307262932 0.264781557251995 0.339921451890252 0.0756627676467508 0.158696555975449 0.326183175885401 -0.0248708707597338 0.286008404180463 0.0667536755731482 0.576871202559654 0.077142464222929 -0.295061593901752 0.928801171496455 0.271104944241403 0.428817136285956 0.769199679970715 -0.0551304401130563 0.50337750041344 0.721231893251608 0 0.641363723591956 0.905433015190048 -0.146586233374972 0.263461623182301 -0.122227594870976 0.752622227018733 0.0213482295607508 -0.0133301530606422 0.878618253828821 0.940948147440867 -0.206261371681455 0.929390956473647 0.532066830638604 0.930939074148946 0.921879695071437
"57716" -0.154145317014507 -0.123952147226355 0.0631872398133273 0.136621438081639 -0.125303681823873 0.223654947454264 0.416540766463328 0.449224282693366 -0.14401311390546 0.616069379417629 0.563813696063446 0.104352447769866 -0.0661950740080994 -0.0755541510634434 0.325872226641866 0.272053763117498 0.0361297853459328 -0.153429499491202 0.271551230249649 0.362784753146753 -0.172200570170725 0.619976212183148 0.503256926288355 0.420535417876406 0.418501187824102 -0.139704172769829 0.263515328070686 0.418076588745334 0.641363723591956 0 0.578031534854243 -0.161009021816117 0.510694396912813 -0.137270039565808 0.380418747288924 -0.175886658715144 -0.10450917324559 0.603435924214975 0.608141066699065 -0.0242216597606284 0.627117179172625 0.877928652326196 0.586071068756694 0.609119520581305
"59602" -0.201138516173736 0.0570754561496058 -0.0362315730917195 0.063799743089784 0.162795795890507 0.109292030729558 0.0425498881957899 0.856937965005048 0.174626628372304 0.890585499570983 0.344619931695849 0.354470149352008 0.163605820485931 0.324997695203202 0.290058564837988 -0.0940727202115634 0.303026043689629 0.216900729028645 0.654331559394087 0.021411368953885 -0.152807766637632 0.888880356393816 0.327433797210751 0.460185826202299 0.840550769216003 -0.0915603935442002 0.431124841639115 0.763841753132592 0.905433015190048 0.578031534854243 0 -0.0517374392769962 0.326891862601796 -0.0323201027046012 0.829816070552496 0.134872018358278 -0.0470580153110905 0.823572556015388 0.928345520538913 -0.250604990107649 0.890790462289759 0.498586441957912 0.924568259410881 0.897751794137558
"59620" -0.00163441245543023 -0.0899728195145781 0.00841082582492178 0.0747899257889484 -0.0178989091700153 0.139591959584483 -0.0162764298118844 0.0304198612327314 0.460936392056252 -0.219655411941515 0.24124662067156 0.229348059578849 0.221160338167945 0.461329922753352 0.0186709477431243 -0.0739637253998363 0.140864788579219 0.342907401902269 0.0542808750876601 0.00561830165401068 0.627441916491889 -0.142195380422747 0.197976690304585 0.329758161271685 0.153325071419549 -0.085458049836497 -0.0277165495542069 0.100701342980673 -0.146586233374972 -0.161009021816117 -0.0517374392769962 0 0.275756539421995 0.730871695291576 0.16428682471611 0.524159314720483 -0.0664157710468263 -0.174617458852901 -0.0512791514671606 -0.0933051593875615 -0.133721400869242 -0.0899589058106871 -0.0514655954351402 -0.0948247378251007
"59972" -0.23585627286164 -0.0682940286326821 -0.184350767341513 -0.196294462596616 0.0367619391559959 -0.0920806304313889 0.110856408326243 0.362369959692132 0.20632917626908 0.206862400837182 0.721764593438073 0.0899356133735489 0.228932781424685 0.455491383256806 0.118728889555106 0.01437212835835 -0.00759719165249641 0.33632016057019 0.289402823279353 0.111200516836029 0.447429779427376 0.258971730411939 0.599539973431482 0.386166460416024 0.443868408717247 -0.200560885996589 -0.0773445124344247 0.379129107894197 0.263461623182301 0.510694396912813 0.326891862601796 0.275756539421995 0 0.314171895336537 0.447075960162024 0.258781934274527 -0.171973398010885 0.21271842650013 0.339658186326998 -0.0967653942175357 0.266665606474567 0.590293873880055 0.340511768664664 0.297199341546092
"60010" -0.00582226715683315 -0.115437266149812 0.0256008240037221 0.101248548647316 -0.0474914154030594 0.203025925674255 0.00190616302565738 0.0387520459838681 0.466128384811409 -0.201090706010179 0.241864048249543 0.250195500102748 0.210503284852355 0.449161296437616 0.038087499922137 -0.0660176777947566 0.149625222841299 0.321400421133153 0.0523553395371895 0.0213201342525667 0.610275854542553 -0.119135180250551 0.202938198686636 0.352612921780436 0.163384746921117 -0.0917742787446302 0.00144324598146017 0.11328779421712 -0.122227594870976 -0.137270039565808 -0.0323201027046012 0.730871695291576 0.314171895336537 0 0.170484110681512 0.522980893035212 -0.0698437312403393 -0.151491109890491 -0.0287406541571789 -0.100993478774942 -0.109616871236898 -0.0750638723742494 -0.031815080660185 -0.0720995670573274
"60900" -0.228285681364728 0.176660442005139 -0.185473175828999 -0.109816759722786 0.354731670653506 -0.107392738640855 -0.110527010078614 0.899767468886576 0.394949032176676 0.726480175049462 0.505311859377801 0.358622700290888 0.366389448121329 0.687512961295037 0.186367697298913 -0.226976983568316 0.310031909444655 0.557298456431051 0.741104438500474 -0.103519172076847 0.180451290658678 0.740142408267459 0.445387045873116 0.500044436970509 0.934816656426709 -0.130610822053739 0.240450134405495 0.813082447874522 0.752622227018733 0.380418747288924 0.829816070552496 0.16428682471611 0.447075960162024 0.170484110681512 0 0.383357916559619 -0.0885235828847396 0.650636373985341 0.838426541927361 -0.299712792459496 0.742603531994362 0.394822958535162 0.852414454297442 0.778950367598833
"65434" -0.137486029690392 -0.0224609823881176 -0.161294752541661 -0.160029930363741 0.108012265937135 -0.105102161887412 -0.067308975750368 0.241341556984319 0.574137595163902 -0.0401819564265936 0.253895038575043 0.338414847824067 0.321306410302831 0.618134231538256 -0.103075792183438 -0.12310701982955 0.238275736597585 0.500821353135073 0.236663365572268 -0.0405511527672846 0.668997234931798 0.0250125794171743 0.207410049339 0.058911478363419 0.362592651191392 -0.033170430550419 0.075044199128517 0.279974832834002 0.0213482295607508 -0.175886658715144 0.134872018358278 0.524159314720483 0.258781934274527 0.522980893035212 0.383357916559619 0 -0.0133460529433841 -0.0253098885615618 0.134323848310517 -0.12229408922916 0.031840635300297 -0.100826684477493 0.145042969202018 0.079720002516303
"65953" 0.561558552810344 -0.0823939799819889 0.469442472210832 0.131120405545314 0.151361112175471 0.270302423613386 0.237222127944923 -0.0484957231620992 -0.0180079296949242 0.0991605715494196 -0.151239612153665 0.04556860334217 0.112150982041683 -0.0937092277202721 -0.0401883282389733 0.4653007854756 0.134756977652578 0.177404999666681 0.0859315176181614 0.236895161849094 -0.10021489933751 -0.00197803225310071 -0.182558930920955 -0.110716351185624 -0.101187296457866 0.816344819155605 0.259201041972061 -0.0756197446695706 -0.0133301530606422 -0.10450917324559 -0.0470580153110905 -0.0664157710468263 -0.171973398010885 -0.0698437312403393 -0.0885235828847396 -0.0133460529433841 0 0.0343731988989493 -0.044407489434015 0.752783287847025 -0.0111651019151274 0.0109771944401883 0.0297968025901547 -0.0130079753087611
"67117" -0.133140684195223 -0.0369819311867405 0.0757702437609808 0.145252227807629 0.0412392450681694 0.227265168502597 0.127707234866283 0.722212879396644 0.0225187229493969 0.877224630367978 0.208954015973799 0.298263520859934 0.0498898901225128 0.0839401201969772 0.308503872788068 0.0237346824065578 0.245567499648269 0.0920007068866493 0.502196364635261 0.0957703636713822 -0.324672547672038 0.857829000505539 0.217597472215811 0.380906078783155 0.672994037977032 0.00318312855266165 0.488608225358191 0.639213308771633 0.878618253828821 0.603435924214975 0.823572556015388 -0.174617458852901 0.21271842650013 -0.151491109890491 0.650636373985341 -0.0253098885615618 0.0343731988989493 0 0.859107929214859 -0.131935800292869 0.86240356755697 0.500499585530395 0.851494021039121 0.849301741862901
"67650" -0.234916776324408 -0.018810625323739 -0.0332421556286988 0.0473416115763414 0.0948844122449274 0.133743591405858 0.042462573547752 0.864147005565023 0.174029916730205 0.914990535723187 0.351330657583386 0.370161990748264 0.160540194585743 0.318948744013243 0.307091060095943 -0.0973633480432516 0.286382601559882 0.199812408491808 0.630281167436465 0.0216895123950881 -0.165259788808395 0.918210552361647 0.339258682779953 0.468917690055015 0.85548816259711 -0.090291705192471 0.457365666986388 0.784582785500489 0.940948147440867 0.608141066699065 0.928345520538913 -0.0512791514671606 0.339658186326998 -0.0287406541571789 0.838426541927361 0.134323848310517 -0.044407489434015 0.859107929214859 0 -0.251110497812906 0.924304857464325 0.527111233728213 0.956075167788498 0.929951246655118
"68019" 0.449444038190353 -0.14155047353335 0.411159266971072 0.130661246757737 0.0908930421928326 0.288361018917918 0.383856358353245 -0.254996574213377 -0.139219059519974 -0.0766025486625449 -0.0428449202112001 -0.0989697875091472 0.0751342021768504 -0.206395588445507 -0.0627555209282431 0.660028722494131 -0.0111656954929034 0.124986555371154 -0.0814506412609203 0.376831237668376 -0.0549987477025655 -0.189850443803654 -0.11437816648268 -0.135803496084075 -0.307996599998707 0.861812648068715 0.13416506201944 -0.261112438690895 -0.206261371681455 -0.0242216597606284 -0.250604990107649 -0.0933051593875615 -0.0967653942175357 -0.100993478774942 -0.299712792459496 -0.12229408922916 0.752783287847025 -0.131935800292869 -0.251110497812906 0 -0.200396153751712 0.147219611245217 -0.167130135916026 -0.206369870383255
"68842" -0.183136253516731 -0.0243238441394867 0.0310916759041305 0.118336082200345 0.0589607318099924 0.197731850508197 0.100041944671764 0.798051219726556 0.0793474112167921 0.916325570080935 0.266591360563297 0.336800556762203 0.0834302945946605 0.170724731389655 0.319199342305906 -0.029643959040594 0.273609943631551 0.07835952318622 0.566634789003802 0.07016866855468 -0.277274746567281 0.906100684028036 0.270550956948753 0.424887265080308 0.760839446770977 -0.051832135843675 0.491732076181398 0.713173935361588 0.929390956473647 0.627117179172625 0.890790462289759 -0.133721400869242 0.266665606474567 -0.109616871236898 0.742603531994362 0.031840635300297 -0.0111651019151274 0.86240356755697 0.924304857464325 -0.200396153751712 0 0.526637725723351 0.91924014782245 0.915834392712124
"69344" -0.092139446862669 -0.139439889620209 0.0643244253892934 0.0334054192191373 -0.0440861960075851 0.158371412994801 0.402945177431463 0.429135714975537 -0.0870428113143614 0.529963252913297 0.68603338141863 0.0547266383725546 0.0699090084435995 0.0811386059751429 0.275454323089166 0.339522198960852 -0.0337022803604498 0.0680743798258213 0.27938068315096 0.365467783413592 -0.0252057717418934 0.518651178653395 0.573388290619407 0.444908893907779 0.413534347939695 0.00262707337039704 0.164682402940789 0.398716257685212 0.532066830638604 0.877928652326196 0.498586441957912 -0.0899589058106871 0.590293873880055 -0.0750638723742494 0.394822958535162 -0.100826684477493 0.0109771944401883 0.500499585530395 0.527111233728213 0.147219611245217 0.526637725723351 0 0.534479633502199 0.52096518105547
"69682" -0.19309416967359 -0.0261299604298984 -0.00768595367369177 0.0286490533336044 0.129721336277682 0.133749208775753 0.040884986024692 0.872775239335409 0.179547005785012 0.920550520656509 0.36375076882588 0.358654387095483 0.205626508004695 0.351615700040353 0.297218551509314 -0.0591828319077743 0.269601255289484 0.271328014514856 0.642760283688643 0.0249146325778444 -0.151805545930537 0.911728034129682 0.336656835811624 0.473461258676945 0.862676111691866 -0.00281638631722964 0.454605208051255 0.788713599376699 0.930939074148946 0.586071068756694 0.924568259410881 -0.0514655954351402 0.340511768664664 -0.031815080660185 0.852414454297442 0.145042969202018 0.0297968025901547 0.851494021039121 0.956075167788498 -0.167130135916026 0.91924014782245 0.534479633502199 0 0.927679855777807
"69935" -0.198400097758498 -0.0262665806227461 0.00617761759656386 0.0808886875369527 0.078022656249818 0.16735943704162 0.0725073545055337 0.823558570284001 0.122220931315933 0.905921726617708 0.304084128571202 0.346510748195625 0.12512266314765 0.239290577203948 0.308867225841485 -0.0534061213165832 0.272354810821557 0.145452252188181 0.588683688072519 0.0479619625123489 -0.221400030953458 0.902581246365545 0.29845818575675 0.439583788320614 0.80030898416648 -0.0532885764778022 0.470877139995469 0.738370431759613 0.921879695071437 0.609119520581305 0.897751794137558 -0.0948247378251007 0.297199341546092 -0.0720995670573274 0.778950367598833 0.079720002516303 -0.0130079753087611 0.849301741862901 0.929951246655118 -0.206369870383255 0.915834392712124 0.52096518105547 0.927679855777807 0
