"7" "75" "129" "144" "146" "149" "150" "153" "154" "401" "431" "575" "579" "693" "724" "1128" "1403" "1480" "1497" "1595" "1709" "1878" "1891" "1906" "1911" "1925" "2154" "2159" "2174" "2262" "2297" "2345" "2403" "2407" "2496" "2521" "2600" "2606" "2607" "2608" "2614" "3094" "3203" "3206" "3275" "3278" "3352" "3432" "4143" "4161" "4396" "4519" "4792" "4852" "4900" "5703" "6864" "7215" "7353" "8057" "8146" "8362" "8971" "10498" "15479" "16245" "16638" "16639" "16640" "16657" "23544" "33949" "38218" "46745" "47207" "47362" "49746" "49948" "50277" "50282" "50305" "50352" "50407" "50850" "51112" "51168" "51211" "51214" "51322" "51353" "51497" "51673" "51675" "51835" "51899" "51967" "52134" "52200" "52286" "52966" "53634" "53669" "54098" "54217" "54403" "54530" "54532" "55628" "55776" "56401" "56644" "56704" "56812" "56880" "56910" "56920" "57029" "57133" "57362" "57457" "57551" "57623" "57654" "57948" "57999" "58474" "58514" "58692" "59225" "59358" "60676" "61626" "61774" "61900" "62197" "62345" "62933" "62938" "63054" "63067" "63085" "63425" "64206" "64261" "64454" "65389" "66699" "67013" "67245" "69105" "69694" "70710" "71439"
"7" 0 0.557381243405024 0.837225376031944 0.181340343383929 0.855996452736254 0.482646347693216 0.482839787607357 0.634269149518789 0.942746135359922 0.946039118719943 0.861939470574934 0.667722103410799 0.820106164351679 0.261681789258471 0.383648903553999 0.675931979219942 -0.12893653491337 0.0313742101942408 -0.0253526118659287 0.279597697259545 -0.129353837990584 0.32917423501454 -0.0572465067617831 -0.013047887936386 -0.070474648385275 -0.0670867702947975 -0.0935417747399585 0.0847471979178494 0.0813879435670284 -0.0901000713197251 -0.163817965250543 -0.114857810329645 0.254448335494409 -0.126905017907392 -0.0876787887860828 -0.0337740657553926 0.021333123969932 -0.060488280579601 -0.00424060496135044 -0.0280941403274863 0.492665607583192 0.00889196955086439 0.432072853016427 0.510820580979174 -0.154068938761376 0.170054717530783 0.215215260488244 0.837922829547656 0.22616299251154 0.139953888498742 -0.0656677260835664 0.5272482162224 0.541132793420759 0.907661118473707 -0.0125347367499996 0.44371500650867 0.00545434489034787 0.194143832031603 -0.0449452975730973 0.374948305475397 0.0824940547500581 -0.104459617008437 -0.102626632672616 0.254732583142403 -0.035326113011361 -0.0919060341346298 0.105361719891948 0.0672685873366291 0.106191263161393 -0.0901000223338351 -0.138301388307471 -0.0704122824928327 0.940243681126104 0.0167175614613824 NA -0.130412266697271 -0.053676923224558 -0.0421118290590825 NA -0.0755507360997745 -0.00128412635457124 0.728835078663721 -0.0942834592393235 0.0676163531847193 0.167016981109675 -0.0902765699363902 -0.0502476824652977 -0.0501480112410696 -0.101137762166909 -0.114861101095615 0.0427581077611858 -0.148359138034327 -0.0521536146197257 NA 0.0130923188368651 0.0353730936012097 -0.0780812264101628 -0.0485059012870053 -0.116621254379957 -0.10346354310021 0.291482000257627 -0.0651794251790312 0.382189923244417 -0.147205102035356 0.153168761570197 -0.10689064638596 -0.0694646180943514 -0.0323375514715475 0.0317227713134198 0.0128698115443486 -0.0568095758645138 0.145325624330499 -0.141823339166337 -0.117477979800246 -0.0294398429431541 -0.0872959990360697 -0.0480982503735437 -0.0264118176413422 -0.0515628717816855 0.0493540564967393 -0.0536743991645687 -0.0760664663275823 -0.0426511226530233 -0.0150225829859712 -0.141658105559968 -0.0319577050636756 0.0162393689429499 -0.00809279444497588 -0.0543709355677629 -0.0276976100614813 -0.0613212033740511 -0.0866777035219247 0.00254188173928397 0.0292287043098655 -0.143143825924042 -0.060400731108232 -0.0540118887068472 -0.107139180772166 0.212055663999509 -0.0864494667874229 0.120500323936318 -0.0453002718874678 -0.080761923090201 -0.0646225046920309 0.344595212517472 -0.020325078540596 -0.0829982536071898 -0.0512067349218025 -0.0626279242271179 -0.0560118423817798 0.0186158466537693 0.127373389900253 NA
"75" 0.557381243405024 0 0.738098425734276 0.349925888137404 0.592058714744017 0.940097077658364 0.578426217760196 0.831858952413148 0.728525788041435 0.624100695814733 0.653406807077765 0.809527210045004 0.339923281614118 0.883737339771622 0.800321223687237 0.70793033916659 0.0685663543818922 0.253641688893541 0.128464010551135 0.16046246972957 -0.0823268464527988 0.250709182471636 0.0108851449765518 0.126554258564878 0.111833233538889 -0.0797820138825441 -0.0760488623417478 0.124788041353437 0.607484822326524 -0.0650006027771306 -0.102475454202269 -0.0808607938881351 0.689482307573364 -0.0981676192909739 -0.0654035223094785 -0.029391138891633 0.304435933490691 0.0483641827577123 0.115923929683618 0.210829399136706 0.348229448452763 0.21609176249886 0.724958766612892 0.938492601816297 0.0235156219844907 0.341311204907469 0.232790225805659 0.296450927312989 0.41701527005019 0.747001053624516 0.301779715090967 0.482839305346145 0.909453181906501 0.731199951731129 0.514129673519307 0.43681218803161 -0.00354441530513296 0.353205424091644 0.117136528168895 0.617456600127581 0.545315615889852 -0.0899449019065753 0.0539939495165114 0.752007711315552 -0.0180163048260209 0.0984768612260967 0.722795770040827 0.536522234143281 0.723701429133905 0.0803241407275034 -0.0204815772183957 0.0184066040679253 0.375049117242025 0.132035497172383 NA -0.0762454368419547 0.103461804424169 0.0923164798584855 NA 0.107528008355174 0.0707923626150417 0.740261244724835 0.022336769886492 0.605434902708251 0.822868824168212 0.0697394988111741 0.10011981522075 0.145614616824559 -0.0692142914351999 0.11355608207652 0.323659612156194 -0.0154565403427957 0.107122299484316 NA 0.334467854511668 0.505861590984417 0.0407857008065017 0.11017210664416 -0.0842530139672631 -0.145292349224856 0.828356463600068 -0.046048441410483 0.801965284611093 -0.0692294048422949 0.526614955152659 -0.0789906605280401 0.0935048753708263 0.101629379539266 0.273413051411073 0.465416555944619 0.0915790975721768 0.750598260795548 -0.0209410519710662 0.0685726748579937 0.261227411570018 -0.0167874704049038 0.0903815966283915 0.107762488940943 -0.0341456020737327 0.284093932983362 0.19755670367751 0.0762323489119669 0.137007693945379 0.234224150564069 0.0589602154327839 0.151424161430033 0.365138258653573 0.272556307094368 0.123848187272894 0.10263124850777 0.1581382944984 0.164508706906652 0.150019263377579 0.501230364795562 0.0835379856605527 0.0981666836402541 0.05895733914372 -0.0218909305945166 0.751754053842612 0.187372054384347 0.667229340267993 0.155962391402367 0.0989590826668392 0.323909297591746 0.917954462232162 0.139708096773526 0.276955359620895 0.137915463483516 0.0890632035126198 0.0951497518497906 0.379501206722066 0.807105424707606 NA
"129" 0.837225376031944 0.738098425734276 0 0.31925875719203 0.902676596737019 0.690897278613342 0.4874782101275 0.832618830727985 0.847096834321636 0.824418022606012 0.911822852144916 0.83853984736452 0.632391062259178 0.59079070383083 0.729000909783963 0.866705537451575 -0.0661706080366296 0.313049848147269 0.255257457223152 0.326397599109165 0.0305443422904697 0.381314333172954 0.11815300225717 0.0207205372323901 0.238368198365738 0.056135940929731 0.0634035836358191 0.292820276747373 0.426748093899542 0.0674420980619627 -0.00223457614555607 0.0584593566937588 0.262597241874975 0.0588749833464349 0.0789099291617908 0.0394441215331202 0.152568027354741 0.0218485372513015 0.112591127659145 0.0295226651196638 0.580011969575754 0.287834343986788 0.578454678862012 0.733068462612473 -0.0622381828298447 0.518807345099921 0.404721064727258 0.686472856160504 0.388390999397103 0.310192244346884 -0.0725904594138088 0.684563204526762 0.739680806000742 0.927263565139343 0.15318961993892 0.703969451553724 0.0638554680398546 0.21678178549994 0.277107983166889 0.690893486341751 0.157841494175133 -0.030478252301001 0.119900875354408 0.46698332917866 0.110975245593298 0.244642375553257 0.281295966258881 0.401055098403377 0.309804724895387 0.195169628159114 -0.0461374561539879 0.126808464406725 0.79784703784877 0.236014243229577 NA 0.00416343986807783 0.263412501594616 0.232715636003955 NA 0.086948641784551 0.133230048756507 0.713620035448015 0.0943314240272609 0.317725758600938 0.344650995588666 -0.00809930901054977 0.247681306131635 0.239312728633182 0.0594824984627528 -0.0227288699506432 0.40823691058105 -0.210485241687699 0.241692501310568 NA 0.354501189263388 0.36557497098284 -0.00714213187982622 0.28653436219824 0.0357621286460925 -0.0408609273979384 0.590052486557695 0.00563279569536496 0.528424345388457 -0.0899277669412829 0.461450511822378 0.0283796896021811 0.071819566234194 0.200920236440603 0.390494938485845 0.364549672770378 0.25915675317658 0.474857652738373 0.101626088320445 -0.190996174635014 0.0205521485493982 0.0722401088891638 0.273958240655465 0.164356329066097 0.0334825602262783 0.249705783071951 0.1129592835995 0.131240833139387 0.282762463377245 0.280301898701993 0.0962526661230885 0.258332820584738 0.318417394648252 0.245318521372075 0.287960668085616 0.17586240198976 0.275613775304219 0.148340092930178 0.122266782195716 0.196479628562348 -0.122240589022094 0.259447603324833 0.0584315644530861 0.055955314841027 0.590680253612183 0.215524204652977 0.417064863155933 0.256368911222234 0.11836872424685 0.274768965910245 0.521536623250817 0.199936415033789 0.133948042047911 0.255465458136822 0.271560826243972 0.271969950063496 0.395327564397721 0.504712688821677 NA
"144" 0.181340343383929 0.349925888137404 0.31925875719203 0 0.2626199040053 0.34508646311965 0.129914291724502 0.363665144282194 0.225408970495283 0.192421044631834 0.290249497195366 0.315770323834371 -0.00583754809255709 0.367897107422719 0.367115179594615 0.322222751775105 0.131988596865108 0.302507848927454 0.260872992319608 0.0304356967934496 -0.0338136116462954 0.178990008289144 0.0111341122752525 -0.123516940159123 0.269464942982178 -0.0401506045599105 -0.010192153887965 -0.00682252227399599 0.415577594604743 -0.00497493281287857 -0.058428483660019 -0.00998213235012481 0.0877161497051617 -0.0205226926983202 -0.00785221500994485 -0.00424512789247204 -0.0186875788119958 -0.12049245240684 -0.100078121869963 -0.100950429692786 0.266049985393236 0.282895288376824 0.653251289024544 0.358121807306313 -0.0952587557965658 0.267217193122696 0.264585642367987 0.0377235263568903 0.581108183678055 0.297087732606514 0.0922883597137356 0.365284665885561 0.324773569073079 0.276319863509273 0.366086716361426 0.290420093396293 -0.00275426997222842 0.0444020201068276 0.29012893163463 0.31720123275806 0.268283914766662 0.275304493319111 0.172498257534451 0.378028219273126 -0.0160240085381587 0.285760416474206 0.19938255924127 0.265116890854982 0.212048393769419 0.237203393465777 0.287843926115023 0.305048920912596 0.147299736580376 0.00595378182222688 NA -0.04042408280673 0.282969910904763 0.24540824120243 NA 0.0179674731866211 0.221015604903503 0.205279470977833 0.018845032012631 0.208454768334081 0.248107250826833 0.0514683532730281 0.264697050568406 0.262616000648206 0.00153686435199644 0.320090855578802 0.268854836000648 0.0301690589623221 0.258557656094652 NA 0.221621532038955 0.376166799315558 -0.0444125806412002 0.297606822329318 -0.0174323503165455 0.192989892100295 0.315369678326573 -0.0185680319009 0.23432570081556 -0.111810677326311 0.392133027483989 -0.0208342897669683 0.0163511747160682 0.212748733727909 0.236327918512771 0.380042595265276 0.278143605642192 0.305546911830721 0.666580239037276 0.0264773448403257 0.00586516719118582 0.0103457450946362 0.28267399566046 0.177147944317223 0.00102395526354616 0.410154801906996 0.517429932928269 0.164749100384898 0.297066038259626 0.292701378951 0.347114671538757 0.270807481546315 0.32557377987268 0.132122281687813 0.306443031804825 0.1874743158768 0.301694961762718 0.368747246692782 0.128462945340294 0.127486764741012 0.247207413026183 0.280842243005107 0.0906692249875207 -0.0176455453906604 0.369035192596846 0.265337833200257 0.393934667531988 0.276926367182838 0.572703003370328 0.326385682361187 0.296680943801452 0.715216371760084 0.204302378460713 0.276978802020744 0.287405052891269 0.287097190732279 0.246355092357603 0.337112221872859 NA
"146" 0.855996452736254 0.592058714744017 0.902676596737019 0.2626199040053 0 0.534127625764368 0.528334883090355 0.777564281672524 0.819709154344814 0.842867124954769 0.904516430206558 0.817434373030938 0.725009328925394 0.409624296248752 0.576966903023532 0.871445323969647 -0.0270016803652833 0.320360927242772 0.254597197675485 0.336634727890557 0.07158428442377 0.38296268020836 0.118223405024258 0.105944675179985 0.315687575392017 0.111104803599395 0.0898013291973605 0.321826137470447 0.310260315740282 0.0881655269314068 0.0588738779239521 0.0832066572870534 0.0987777663530416 0.0956909301473933 0.103708127005141 0.052263098628968 0.129047629061446 0.117020385823676 0.193133824626061 0.0770240750936634 0.674281379820769 0.260945935334516 0.490371203796426 0.588522936356155 -0.00412433821688371 0.561491107561559 0.432018167575603 0.75871042801138 0.411160560570413 0.100915174329433 -0.0920597612959425 0.679169442463907 0.662583486757762 0.924429275395273 0.0090614103205798 0.741505329988293 0.0766804457240445 0.288629419608692 0.30906276555211 0.699640752897828 -0.0238169700815931 -0.0457475696663926 0.208106929304985 0.298167189025459 0.142042024788852 0.291656459951902 0.166678018068093 0.36424884666935 0.198059550212185 0.25935300913333 -0.0952993803152819 0.120699712634634 0.882245843581926 0.238345960636784 NA 0.0459272725853012 0.288986819075047 0.248337760788912 NA 0.054675247354363 0.134810409171334 0.718461637267679 0.0786556004627934 0.263788072685103 0.152186847062802 0.106452389549721 0.261789652511316 0.263461775140429 0.0728230050536071 -0.117607810808793 0.393233099474633 -0.156536588337855 0.269236889367949 NA 0.37998510037774 0.277567138998588 0.0163272067594495 0.330083496451881 0.0644382568572231 -0.0300384982930998 0.507586533061193 0.0272272799444745 0.470259005060048 -0.00105663998282048 0.411875159825246 0.0587209696489823 0.0422522926381641 0.200834772325206 0.408970253717239 0.327823487375833 0.277680839529897 0.364897811227111 0.103209938283459 -0.1587593264263 0.0686866083850464 0.0697297713236237 0.306314105696499 0.164278352432788 0.0402845163257254 0.180501345812365 0.045936086362547 0.226386952193189 0.283023874030716 0.246211802428794 0.0802529916585334 0.259967793698754 0.245203512932175 0.32557512971244 0.297807277696368 0.179422415886881 0.293375576197066 0.0857084036331095 0.0940882215982937 0.175846212923943 -0.157659800632622 0.282349054120054 0.101072630416844 0.0754305720045853 0.459997846198944 0.256870128071145 0.27680099196152 0.264634364664983 0.0855087541450082 0.28095205770365 0.330430828128664 0.159637769799702 0.182603652733205 0.269344504859833 0.286584751302416 0.286388077530582 0.415326370902546 0.382150125348566 NA
"149" 0.482646347693216 0.940097077658364 0.690897278613342 0.34508646311965 0.534127625764368 0 0.482595674479381 0.79733646097683 0.655319244327739 0.540921070945476 0.608369100632796 0.752288846326572 0.247223629520231 0.890393409826477 0.807551650109004 0.664127182897119 0.0382409482609266 0.266789930338354 0.167127880057401 0.153840444892659 -0.0609087860134011 0.239603215733684 0.045143509992518 0.0630916260259853 0.115472832788712 -0.0697085652199348 -0.0458376752197698 0.14053849046562 0.635062684093436 -0.0351453715839192 -0.0898180962291755 -0.0467404734086141 0.662490103192142 -0.0650824606529276 -0.0337060357933577 -0.0159547677646331 0.289071290430444 0.00262415585533169 0.0772959253864357 0.154995355674601 0.287721782480072 0.253978350951065 0.699754564497939 0.92457471824468 -0.00316867531127517 0.351537564633271 0.234461510279459 0.233183821856664 0.380238672471953 0.761127033229176 0.24423427566393 0.470867754328534 0.858084390295868 0.666998885131551 0.527147339991357 0.429716982917607 0.00452936296888524 0.265995425066179 0.149002077384895 0.594918078405473 0.557931559734007 -0.0552743176747425 0.0395513427760489 0.760077116641964 0.000524789981939771 0.122328942634053 0.689845486381718 0.535849100804893 0.69511867584748 0.0889618948952559 0.0198378428633282 0.0574154898185454 0.301211174971606 0.157488607795538 NA -0.062454532263802 0.141656446261705 0.126774263833713 NA 0.135205159863856 0.0873930401656609 0.649362174196758 0.0627056438674 0.57771976002575 0.817658718175565 0.00942903577355046 0.139026698824845 0.167742034234964 -0.0332024600355567 0.153445869258308 0.353319037799453 -0.0678877053908811 0.135603977370275 NA 0.336228960852347 0.535239675635418 0.0304356040386762 0.139983468743073 -0.0566062521904496 -0.116060771467553 0.800440729397452 -0.0371274213995587 0.740028943414994 -0.101360386601332 0.530241379872352 -0.0564847683163883 0.1180517482948 0.133613042049247 0.296117143810537 0.476222160109029 0.131613001987147 0.749362432460004 0.0291618881793139 0.0108580268342237 0.193951947729669 0.0181151757724144 0.124179178369045 0.12903494746986 -0.0152712008323816 0.317232951880957 0.228573761938368 0.0447232245654289 0.183019189299288 0.274146395378331 0.097118680964633 0.192194002268247 0.403807470484013 0.233935391745709 0.169952592063197 0.12589147092607 0.192104703432341 0.215076000924297 0.16351603403107 0.453585134724407 0.0787806075214469 0.139909208023799 0.0465787830835696 0.00155752381253729 0.777933877020939 0.193915916360175 0.693765227781843 0.187727894254594 0.14075815460924 0.336289201572206 0.907770126826958 0.18502849840386 0.240725100339232 0.174953713966594 0.132862773325162 0.143381944327845 0.383881089569811 0.814028524951355 NA
"150" 0.482839787607357 0.578426217760196 0.4874782101275 0.129914291724502 0.528334883090355 0.482595674479381 0 0.586632921581435 0.603555808008871 0.63898506667072 0.415226709599766 0.726753858110503 0.605573072907696 0.300269831792268 0.291445540065997 0.577805357944264 0.40134773027744 0.1424654699289 -0.112261325320505 0.0207914569769281 -0.0788948624682194 0.128230790315373 -0.175387182739634 0.679457170513902 0.244479484728028 -0.0166220958600146 -0.174075656904434 0.0193939048608254 0.171009575251949 -0.186931597027626 0.00441881057265467 -0.19442864316905 0.438887064807622 -0.178331287922194 -0.179306249758604 -0.0759215915160175 0.346934381565062 0.531427657637308 0.495111175128592 0.66064292465419 0.607759526005617 -0.082458086804701 0.488811368437333 0.484587230331303 0.378560884068468 0.224742306039556 0.134824410139396 0.329022303457253 0.553204363461163 0.219453476250234 0.675498987113905 0.233144178532052 0.767229026173727 0.613611615417967 0.196689181976712 0.270487913556378 -0.0386281795024116 0.914561611603406 -0.0151870355404405 0.546880066482708 0.112235290875275 -0.276762095037049 0.340201017752353 0.237260654335814 -0.0653797587649217 0.0670641263795267 0.676064320785179 0.409915551364531 0.646970059331039 0.167824168034376 -0.280133947571191 -0.214356612106372 0.42928628025366 -0.0425831162425623 NA -0.0216263110260434 -0.0655534479937324 -0.0844779280993763 NA -0.0825829391431073 -0.035548301416253 0.903570431789435 -0.21080933587097 0.640065461902141 0.437520536284292 0.684256656513259 -0.112887781572762 0.0659233753698828 -0.221528598344114 -0.233140379792455 0.0580285093386041 0.497895343643199 -0.0113004176787571 NA 0.345891640190984 0.15554958103155 0.189847456836524 0.00904550981923146 -0.148375607697763 -0.254355813837268 0.685774044939383 -0.0305872412421776 0.869044023362136 0.368569377800752 0.303125795294376 -0.112827068466849 -0.0751376841841754 -0.0900556362467115 0.137909974101226 0.320162429484668 -0.123016242640581 0.480450010848827 -0.257477057053761 0.561628904165183 0.794968946101121 -0.19650528445601 -0.053153608757459 -0.0178938762312614 -0.115170529852028 -0.0534181826337277 -0.0846120134045607 0.485956233981557 -0.141362524933819 -0.0711555061036874 -0.122065371654388 -0.114569416629369 -0.021328122050475 0.652554023545425 -0.144277786072284 -0.0292655376291239 0.0132090302882046 -0.208632256345424 0.0122067843849412 0.75322269048345 0.139024947324685 -0.0988981260645942 0.237373044420339 -0.0804410145489121 0.222189743310839 0.267331846322259 0.206288549000807 -0.0147767278890596 -0.192472845111226 0.305101991007827 0.459023855350539 -0.187605695197167 0.632260240052594 -0.0570004682756269 -0.128224658052339 -0.132910349154276 0.363349270214534 0.488104760704492 NA
"153" 0.634269149518789 0.831858952413148 0.832618830727985 0.363665144282194 0.777564281672524 0.79733646097683 0.586632921581435 0 0.726231446698929 0.684521618734281 0.775266930731719 0.869731700512382 0.470506081331253 0.738419091833583 0.776441148013754 0.851473541857327 0.0735656386108934 0.409472878375028 0.282154717566733 0.250928525197173 0.0551124080624022 0.32569839645459 0.117472523296764 0.172942684832928 0.341561966516954 0.0653642611756183 0.0581180410382262 0.293742708818198 0.568507173231867 0.0606191797305074 0.0462417929033467 0.0577636749583835 0.391757093789809 0.0622232471280083 0.0729548926131652 0.035197358413745 0.276469705125184 0.151301971167521 0.2287807694839 0.204717644979941 0.559344700658496 0.326583485783147 0.653055323853671 0.830373791471064 0.074239852010374 0.57339364327801 0.396366953737951 0.460369352140935 0.494242628028947 0.468103807709869 0.13933394785668 0.620858524407556 0.860242070240823 0.821621231799625 0.31401554105256 0.672554898376826 0.0553845494740478 0.376785919924759 0.327506143121367 0.776248275939993 0.270373369582542 -0.0538851784376013 0.238062696452772 0.58534551825139 0.112935921818438 0.324634292633574 0.525681689995079 0.576499041696143 0.547033421050618 0.288935648570871 -0.0396527294074821 0.127350217679702 0.564788332130922 0.256937342855733 NA 0.0398805622496785 0.305614111860984 0.262882525463272 NA 0.132418777927231 0.146879145608616 0.736823624852523 0.106422704310366 0.548688793060635 0.543982526906676 0.164723593614266 0.278213705737125 0.324689438161804 0.0508444905334018 0.0130418573816149 0.479296506355272 -0.0681560275610818 0.291379950389983 NA 0.494374876402385 0.502189069130046 0.0688663929369824 0.338949459892231 0.0424869828593654 -0.0738456221444104 0.78342545333201 0.0183255816734104 0.706120585016676 0.0198345604636546 0.578231843038618 0.0380260764575638 0.112351142892669 0.227325442185145 0.46916678389859 0.528241703760241 0.29521552073629 0.677483900970727 0.114966738981343 -0.0313763135504029 0.229660254271939 0.0742362375409435 0.309357201843662 0.201215691281721 0.029026642090179 0.287660348061573 0.169865172294438 0.264213527969789 0.318095993643671 0.334520832605716 0.14725932976202 0.293082267281418 0.398774969950116 0.429770961210566 0.322838607025563 0.210390362250794 0.343863660361304 0.191547086718596 0.160508531967964 0.431160031206748 -0.0191726459376289 0.296939359584347 0.137708883544264 0.0850518636470173 0.725437744821524 0.344520490247851 0.563209866388899 0.315114607868436 0.145910401438674 0.439637857254658 0.674718611994931 0.210912833047004 0.346457357977573 0.30478241350178 0.30091277977306 0.298745078784037 0.545202432041801 0.73001368021633 NA
"154" 0.942746135359922 0.728525788041435 0.847096834321636 0.225408970495283 0.819709154344814 0.655319244327739 0.603555808008871 0.726231446698929 0 0.94243626645877 0.836469789394984 0.757100804550274 0.767095295266082 0.436497146506702 0.494147734806695 0.708711141140207 -0.0490831649423923 0.055339675047023 -0.0488617140810734 0.2351595786085 -0.163766915678083 0.309720265047136 -0.091689469434572 0.0771045260729941 -0.0657683314821897 -0.107293360241928 -0.143293879694722 0.0512243050393663 0.203099506581154 -0.138673210856917 -0.189176317488751 -0.164996760043146 0.455379055432515 -0.181567124879871 -0.138234873640869 -0.0575967074991926 0.118068250540513 -0.00652800258822702 0.0449643165703388 0.0908776643840755 0.479983890892173 0.00756633971820698 0.556107229128542 0.664552180669777 -0.0916970540597661 0.168243411083513 0.191930827120744 0.734318819490207 0.302557108537899 0.344265882203494 0.118291387031975 0.508780623719798 0.703788430430338 0.919373830538644 0.154200117513379 0.414808846351839 -0.0152718675642168 0.320742092051865 -0.0708518272452695 0.437755543380691 0.246407601038411 -0.141772135144564 -0.0790442110233358 0.409756059280223 -0.0725281487523558 -0.106035071099489 0.33995484396498 0.186145951553417 0.332913555241516 -0.0928612261851297 -0.143589397624551 -0.104409515615816 0.837390052515304 0.00124359259408236 NA -0.151747450493264 -0.0829854022775727 -0.070111778614469 NA -0.0580926472036497 -0.0114284878487266 0.831303886253214 -0.117929657163084 0.249830209586574 0.402997627264548 -0.00652782734627862 -0.0809975105438504 -0.0489435927169782 -0.150113934682057 -0.0748032209627414 0.0590874879052325 -0.0546604479343467 -0.0714206561948481 NA 0.0692136833137398 0.137224116941379 -0.0421283605494269 -0.0761315756763179 -0.158872466388013 -0.157174717111876 0.475320090846949 -0.0810807687105612 0.578149529086949 -0.113387927005892 0.236018719102207 -0.143528963708658 -0.0532721845636898 -0.0498645532401802 0.0386062620992215 0.116586485989683 -0.0931801949135552 0.329196072941761 -0.182554220712475 0.00463109161678364 0.119614803920777 -0.119333219333705 -0.0845657171470263 -0.0277103172606434 -0.0770706497734396 0.0856432663855415 -0.0111845813782266 -0.0386237509064717 -0.0703016889932898 -0.00517568182980093 -0.141620567917094 -0.0474077719119601 0.0779837644828576 0.0768851121983331 -0.0888233894016231 -0.0345408484067329 -0.0678086251956699 -0.0720866189476779 0.0276658454830818 0.216537971806913 -0.0607160157012119 -0.0928970059329386 -0.0265006415585634 -0.12734299218313 0.340720884088352 -0.0402660257854405 0.266465630134863 -0.0440058321501525 -0.0755503875398532 0.0162485081005954 0.559099660146415 -0.0292659190227492 0.0357076394865561 -0.0664060023305946 -0.100777882373905 -0.0880496594955682 0.0838058571622051 0.323014851737262 NA
"401" 0.946039118719943 0.624100695814733 0.824418022606012 0.192421044631834 0.842867124954769 0.540921070945476 0.63898506667072 0.684521618734281 0.94243626645877 0 0.825611552428831 0.741194007646907 0.828321632980677 0.311595103650043 0.403366279828056 0.70740779686277 -0.0124239320552328 0.0669828665878177 -0.0508798829718602 0.237708167794743 -0.133254141032595 0.306837598476107 -0.0935221999966459 0.149108012626392 -0.0083407625747169 -0.0668963375501335 -0.125433683916787 0.0706021936582596 0.120629842568164 -0.125157360867077 -0.14332425980812 -0.148265702476141 0.339631832145063 -0.155696839144377 -0.121722445518664 -0.0490001225632406 0.10597797946084 0.0711671196536813 0.110515241345854 0.135699201353329 0.550217154352108 -0.0134564574904483 0.491661346788385 0.560111576383745 -0.0413284034318589 0.191750282529757 0.209546394977956 0.776256247624428 0.323577226267733 0.193042468720677 0.115408982160876 0.495153074545035 0.65012239984872 0.91182896234174 0.052675194238215 0.433094672989193 -0.00679589368061002 0.382629481672733 -0.0475736781391252 0.448187970603153 0.115853825562914 -0.155196302355628 -0.00850105201270553 0.287063485571119 -0.0507222599188235 -0.0684959606406647 0.266683176931905 0.159956797712369 0.261302702343164 -0.0427179474895478 -0.180853654542462 -0.112912724215276 0.88570579333093 0.0017462951723402 NA -0.119786730683766 -0.0662935302377487 -0.0596749916083228 NA -0.0813702680002635 -0.0109473656949482 0.834911130076573 -0.130926450211698 0.219431545326967 0.268036105643392 0.0826603491771461 -0.0736036588673319 -0.0240664653210601 -0.142245787511306 -0.144664421914498 0.0490638694491537 -0.00540239857794507 -0.0520414819389515 NA 0.0912478788059749 0.0738548702036203 -0.0209610648629916 -0.0452451166461879 -0.138551807264629 -0.151486641736544 0.42234322145344 -0.0648965452271124 0.542036663220765 -0.0411338976365066 0.203917845506289 -0.121622534626071 -0.0745780154247063 -0.0509533131555724 0.0538977875141481 0.0926879534705947 -0.0831269327233506 0.250938153225903 -0.185354632816217 0.0386983438810739 0.1672645388728 -0.122735385205895 -0.0597093370507861 -0.0277474011856363 -0.0730962738119703 0.0338765331759151 -0.0598994484769785 0.0460292187329306 -0.0734826813504739 -0.0308635180412992 -0.14941665584989 -0.0560502133308187 0.0141663288500445 0.145995803189412 -0.0841601299693813 -0.0321247083003499 -0.0516397117185516 -0.119397075395623 0.00741570803518803 0.212680840241767 -0.0814706637315392 -0.0793087435357058 0.00871527808639907 -0.112778188465441 0.2458652904539 -0.0098263964060268 0.16399356837786 -0.044359248370314 -0.112490549398849 0.0214942721837181 0.422316742692824 -0.0610519793940224 0.083201136367161 -0.0599633823191635 -0.0888339772743719 -0.0824685369684004 0.101956283504156 0.238844613474982 NA
"431" 0.861939470574934 0.653406807077765 0.911822852144916 0.290249497195366 0.904516430206558 0.608369100632796 0.415226709599766 0.775266930731719 0.836469789394984 0.825611552428831 0 0.775995378628966 0.652935765244918 0.497914527365848 0.633115417581067 0.835906656044164 -0.11676078187675 0.285722040635311 0.2496704053504 0.343178185829004 0.0327378159219822 0.385771208788892 0.125094620325507 -0.0410112180620913 0.207049471442288 0.061209608637607 0.0757341151303625 0.291941498934527 0.359929949387088 0.0799563974844508 -0.00744926516239749 0.0703186581305512 0.18090040098883 0.0705358046025526 0.0912424170273461 0.0453772941853657 0.0973318232900449 -0.0254269727953582 0.0674224437418751 -0.0429214681531648 0.558653863894286 0.273585139518263 0.516241543013525 0.655209828884345 -0.108324070892923 0.491136260458111 0.406054647456638 0.733907619677007 0.333586975873351 0.223518453597 -0.164715485742963 0.683654553823152 0.648803431360248 0.909734207635302 0.0799195080575886 0.695515763320454 0.0688904275931722 0.137710640422653 0.265849612193274 0.631836269347522 0.0947911860738073 -0.0129200942216502 0.084918916984711 0.399210187903114 0.11641174058314 0.222659546169495 0.162744614374353 0.323309354828679 0.194899739883259 0.168777221070071 -0.0410518819924473 0.134110690459061 0.842454597727077 0.229487984184714 NA 0.00109478174962049 0.253430607570403 0.227480657751293 NA 0.0727700041775223 0.129614591698513 0.656187266629871 0.097422310912921 0.216941443290033 0.239498337443028 -0.0719665792517792 0.243888824473469 0.216742586137475 0.0731893918667499 -0.0344312413936004 0.377367542477646 -0.262337754618115 0.225539155204284 NA 0.300470925458546 0.317040769658687 -0.0334197870445476 0.272134700044412 0.0442922193617991 -0.0179988464751153 0.485776418597151 0.00648079364093728 0.422511703347124 -0.123649489983181 0.405957182946866 0.0347856611043402 0.0592165577927484 0.19523002281646 0.356461860339014 0.295444195883177 0.255703294104024 0.375762151928404 0.10683116908844 -0.253780614784178 -0.0691229909855898 0.0795283921737782 0.264785212567288 0.152937421112539 0.0405470518441358 0.226640002334082 0.0906251656613067 0.0755170135209575 0.278618927407164 0.260621830947592 0.0795287174820183 0.249384755780084 0.283176483378642 0.172086146595258 0.283035766114004 0.165958368503699 0.253801767366931 0.136949750731137 0.105758972637826 0.0932468756525655 -0.160142626535428 0.253118161712968 0.0308271270542967 0.0536812378200408 0.520930974800813 0.17298069978369 0.343716027993073 0.238758921716701 0.112681569397295 0.210861674298476 0.426569326837049 0.195187377550377 0.0513307469636206 0.242548533949532 0.264333886225436 0.269953145583269 0.336316864881075 0.397360263698214 NA
"575" 0.667722103410799 0.809527210045004 0.83853984736452 0.315770323834371 0.817434373030938 0.752288846326572 0.726753858110503 0.869731700512382 0.757100804550274 0.741194007646907 0.775995378628966 0 0.570080797839738 0.660769488142208 0.715557934444725 0.878587791870056 0.158306715797603 0.381246902639152 0.233356518215675 0.232912129334755 0.0498019758713061 0.317895438902533 0.0721305973060177 0.317292584516352 0.384150645522595 0.0756274993293708 0.0288325436160632 0.27846809374666 0.508847243260829 0.0265993567857775 0.0645934682965355 0.0241284219269795 0.379543046231302 0.0355789285047971 0.04064188086362 0.0219006787778951 0.30833622436293 0.272988484013417 0.330571133902562 0.329184275547027 0.650553006089697 0.269838537429319 0.653309773118701 0.786520255697523 0.161342047225164 0.57161169764191 0.392715251103968 0.500379576618322 0.555872533806981 0.387789369085581 0.24988466591746 0.602460055424715 0.897011318180787 0.857459587669026 0.273893916101138 0.67168544501124 0.0471180224296592 0.540100273564752 0.304654384721416 0.808251424804169 0.201566242537566 -0.106816319432172 0.315066258308498 0.511192168181999 0.100145070100782 0.321085397781683 0.562245438941247 0.585583929616393 0.582565315244214 0.314065096620142 -0.106356111381076 0.0720795356748712 0.617469997465796 0.224801159174043 NA 0.047321959415386 0.269063505173653 0.227114682665825 NA 0.0928468474093712 0.126497309761336 0.839204621703076 0.0506043468132497 0.596653421664525 0.507707802257422 0.319556975411264 0.236382937258155 0.302898439593978 0.00855956108982125 -0.0659087082993741 0.439431331004131 0.0540978662963186 0.268808811482037 NA 0.521331442521415 0.453955242461132 0.107515956870581 0.325557605592453 0.020581217901723 -0.11135702491869 0.809194798699699 0.018644160727239 0.784376908367981 0.121035680285805 0.56284785640358 0.0239276273965561 0.0770595051332468 0.188308027332854 0.456964995840986 0.530537565060871 0.244905501270292 0.667211756132847 0.0579748332954326 0.0917998379087104 0.38057437058359 0.0288630690326491 0.282654758113881 0.178571571798166 0.00674150127615822 0.227030439886151 0.11394230739006 0.364014745851479 0.257541078240306 0.275890209473125 0.107174064800352 0.239545959148053 0.330498254092093 0.539826038759799 0.266830401203336 0.185964581719641 0.319241384398959 0.111459822198139 0.137507540851941 0.530028286619372 -0.00225165576018044 0.256736490970411 0.185525348082418 0.0688483973910007 0.651561638938623 0.377778252332026 0.497944815531918 0.285180864846943 0.0863426930763615 0.451806426060034 0.627585591045007 0.142317098311128 0.451567539756141 0.268104478206772 0.252771985124932 0.250529244019013 0.569820449690544 0.711706252854104 NA
"579" 0.820106164351679 0.339923281614118 0.632391062259178 -0.00583754809255709 0.725009328925394 0.247223629520231 0.605573072907696 0.470506081331253 0.767095295266082 0.828321632980677 0.652935765244918 0.570080797839738 0 0.010025124453992 0.142358374040768 0.554105136541016 0.0174818910582348 -0.0340303634571633 -0.10722618713669 0.298286847097781 0.035832729273425 0.219762767264567 0.00249612427643302 0.354259532841911 -0.018386284944933 0.0911743402463025 0.0101315728708883 0.182309822602054 -0.12967233592938 -0.0173868101216584 0.0539664968830423 0.00918330841900732 0.179925368121511 0.0115356884334759 -0.00052985294152169 0.00746080527808654 0.165466146096148 0.282459678037984 0.326930244199862 0.292547786241652 0.514094194049434 -0.135579561669572 0.258280169844468 0.272089648572126 0.297268891196704 0.126251874619338 0.127555853703021 0.802754267136816 0.24103955746645 -0.107419104720511 0.0853797066130986 0.322546884110214 0.440019986019279 0.747983266650159 -0.201292528696943 0.334762769850476 0.0465207842216764 0.433462115542319 -0.11247931528639 0.327996235411324 -0.133796294779186 -0.0812895234649477 0.0256085734997678 -0.0110061239927794 0.0848030025686368 -0.108781197376511 0.10070551889012 0.0377522329281803 0.089918903194756 -0.053065340099433 -0.141446688343665 -0.22029788879205 0.833090725950391 0.0951497482749535 NA 0.0261944737063311 -0.134911912331206 -0.125907039249079 NA -0.0216638523239869 -0.0537314445379259 0.719892357903668 -0.0528210644857062 0.10771701218528 0.00360083675604927 0.185053475229472 -0.14954811853644 -0.0908341760624982 -0.0483201201338418 -0.154594542833776 -0.0498549090028861 0.150337935878249 -0.110761872418508 NA 0.0470874971649215 -0.133695743185734 0.0923167712796295 -0.102627347384223 -0.0182506188042507 -0.0707963366098548 0.229039394008073 0.00821234491890094 0.391017397182971 0.177285572965096 0.0154445651066977 -0.00521589514816249 -0.0253610229704595 -0.121462545117068 -0.00531779016242978 -0.0655384203366257 -0.156978379435651 0.0458010081027632 -0.293589763262567 0.180850093721871 0.227563970719274 -0.0458243498063199 -0.119864214020967 -0.085516605185251 -0.0232794506415079 -0.175537082451161 -0.214804250305942 0.102605908887574 -0.172037921610267 -0.160565633219862 -0.270334223597869 -0.155632669717245 -0.164337259098701 0.18843579219241 -0.179253148613184 -0.0901469680030902 -0.133130669632845 -0.303140766352869 -0.0616547279699031 0.164864661023017 0.000385359102484351 -0.152166087029977 0.0260553134537826 0.0152192480666967 -0.0114406049351075 -0.0517575571717705 -0.105900175751863 -0.126427142775208 -0.250709764729941 -0.076394625570748 0.12502365063182 -0.228926412430839 0.0752225006024814 -0.141302017276145 -0.164081842625444 -0.162841306410157 0.0426441668262799 0.0124043853891194 NA
"693" 0.261681789258471 0.883737339771622 0.59079070383083 0.367897107422719 0.409624296248752 0.890393409826477 0.300269831792268 0.738419091833583 0.436497146506702 0.311595103650043 0.497914527365848 0.660769488142208 0.010025124453992 0 0.865808107425822 0.609527723729244 0.0185317747015576 0.373933868656686 0.317593850630398 0.151592559161245 0.0408029066669155 0.21802286353584 0.162402632604627 -0.0180510359774656 0.234937635509775 0.0017327489439629 0.0651047753853747 0.234000614038245 0.749706978546437 0.0772062229620987 0.00428902437572132 0.0765379313138543 0.55875808187025 0.0637481688252625 0.0819209647917495 0.0342490985544432 0.291127826153366 -0.0276570963359048 0.062798375921602 0.0849271679278676 0.206959547546919 0.394295660596876 0.645256718471113 0.897870722226522 -0.00165038226843751 0.465721900846933 0.287659285056011 0.0529352346465111 0.352998234309974 0.771396595624059 0.137234144349441 0.467004893274157 0.778780875518253 0.504828198058125 0.556491818898125 0.479041815651323 0.0388576620944028 0.124253113761229 0.309098141004116 0.626131024888767 0.548645958440277 0.0294442123698304 0.107372636398579 0.783937223469455 0.0878909629281729 0.281142202681386 0.645604649610702 0.617731305245864 0.6673799551645 0.20996285594533 0.112448368564209 0.188070487023092 0.102443684401181 0.265395268702648 NA 0.0185651782005296 0.303588273810841 0.273278229864155 NA 0.226340652950785 0.155993071992376 0.442938607593301 0.189595382542559 0.583378844552027 0.797525799032611 -0.0404999181923334 0.304072980203618 0.298875369248135 0.0860960142347747 0.231692195036807 0.510183765250657 -0.15790940710542 0.282679194784537 NA 0.444153855928072 0.650766140218409 0.0422308029629164 0.30477692794318 0.0502103131178875 -0.0373638610484184 0.799518471873865 0.00822774768745739 0.634299963520946 -0.11148752158942 0.61342782602061 0.0361584803710496 0.197944754669518 0.259107132849381 0.442681393128576 0.583872320783927 0.305496114213957 0.804458453590724 0.192698513669574 -0.0993826584693761 0.0986968603798514 0.13010539991015 0.29045724348891 0.222853416149024 0.0473744053767073 0.406720729797941 0.316377363881279 0.0767035132301009 0.359042908580017 0.425699877638402 0.234019989544409 0.34701955839759 0.538625921054101 0.260004593583401 0.358403765136558 0.227975687530031 0.352291496149829 0.360108993512027 0.214064526746263 0.4087027047853 0.0738335805835812 0.309563346554661 0.0704560857706016 0.100863729577971 0.889175788556692 0.299734420977286 0.770819205047248 0.335160080360673 0.265854910634239 0.446838520658351 0.869524187518719 0.313707105034225 0.253377352279181 0.32847172605763 0.315684252600957 0.32007542243878 0.504207155939704 0.886577863522819 NA
