"127" "459" "2009" "2376" "3157" "3554" "4231" "5304" "5917" "6405" "6536" "7412" "47483" "48985" "51898" "52483" "52693" "53398" "53442" "54703" "54932" "55405" "55618" "55759" "55889" "56856" "57257" "57570" "58647" "58965" "60594" "61485" "61795" "65227" "65477" "66689" "66819" "66874" "68712" "69691"
"127" 0 0.49989760797731 0.343436643891567 0.372481699499203 0.746296922975907 0.679037005306527 0.0504855076623609 0.374643160119676 0.883151154770333 0.659022078900104 0.709903891846608 0.0779702427049375 0.290781616109217 0.137026559159192 -0.176066933119342 0.377945720872057 0.469224775278271 0.123701371540894 0.0574514389290545 -0.169994880897546 0.242570507088085 0.102948247475056 0.247730367740218 0.00351575386955929 0.182507756671535 0.407041492171478 0.212563965891931 -0.0771473365534393 0.206125583236533 0.44673361827544 -0.0109269316477242 -0.215230188149605 0.049406691789995 -0.0303634940994548 0.0942211127290984 0.0131606221020893 0.0676796803699081 -0.160430701886443 0.388615635732087 0.537073871933976
"459" 0.49989760797731 0 0.623937202134353 0.490978324443829 0.572099119981022 0.431801752861497 0.103578188567946 0.639523902796034 0.442703214965294 0.919992807916735 0.191014426822264 0.575473931549645 0.18912875098938 0.299008260001079 0.395199876385041 0.665614748841626 0.879928121768754 0.527818957916134 0.120577252470228 0.225474326701807 0.413138098922605 0.166038705432322 0.313179073192593 0.252584453201865 0.380747205880155 0.33486260001072 0.34234413745925 -0.0794158581530252 0.638080457684681 0.327380837775346 0.546454857739126 0.312618928102635 0.411382532560989 0.48353639686351 0.252839886866292 0.262940347941147 0.197502784344212 0.226813360634522 0.507647627855644 0.569483595497977
"2009" 0.343436643891567 0.623937202134353 0 0.540000330859202 0.501771964685382 0.143926307759139 0.374666235160122 0.678701794121331 0.474746948236039 0.533277271323061 0.546290361919001 0.804796108861886 0.305965556765751 0.704981293084376 0.415635754232461 0.309628488068063 0.701942110197201 0.786078814862756 0.366224592292321 0.386022522484808 0.533186841342705 0.549413933169881 0.732236531312559 0.428613471687865 0.458741412889125 0.762765482400933 0.715497059036299 0.234156587877742 0.671462938826546 0.380912820619285 0.747709780833175 0.396075540149333 0.725465356146862 0.744625676160857 0.64109550491575 0.602374771809246 0.582989061188208 0.39083938562804 0.580254626844945 0.609958134321662
"2376" 0.372481699499203 0.490978324443829 0.540000330859202 0 0.109267185877701 0.540791632574952 0.409529078799027 0.505397484233629 0.307529297273232 0.481371620406095 0.345014732369795 0.584272818292516 -0.0189739505866265 0.589309413732922 0.245038433487752 0.0173562608886248 0.572081651567317 0.634735441441466 0.360937029146671 0.330634311499141 0.461165696405603 0.585880061185948 0.510223068836341 0.376766972361892 0.206085743495805 0.447482973065912 0.498064454444581 0.353128325296138 0.154798737799767 -0.151313508108318 0.59468632533703 0.272350003339894 0.58604889397611 0.598743324470281 0.575607573439636 0.583206389484469 0.578162608530003 0.283632178426748 0.599180988578249 0.164649308722081
"3157" 0.746296922975907 0.572099119981022 0.501771964685382 0.109267185877701 0 0.17104281146737 -0.0455300001408754 0.46165602010648 0.826863734614313 0.623987987925444 0.67050848309341 0.230385787749049 0.517533019010901 0.13334154038829 0.0169382551940175 0.64505998873544 0.526321621696527 0.175713097472076 0.00946886909624371 -0.114672935706875 0.242661053158105 -0.0364714913402521 0.313100855776877 0.0121276037724556 0.362069480516555 0.537616787150855 0.296567683778057 -0.236200955330499 0.647660769222306 0.850654981307201 0.0864645850106554 -0.0633124359231031 0.101163926114656 0.0558441482824451 0.0542510539493342 -0.0454461199788369 -0.0248880192215471 -0.0659441663909475 0.26932583525772 0.849009500459961
"3554" 0.679037005306527 0.431801752861497 0.143926307759139 0.540791632574952 0.17104281146737 0 0.0283980424047512 0.0541694959591252 0.541619259535652 0.620041243467376 0.217740833483995 0.0253330105445984 -0.0645814173342536 -0.00654842074438494 -0.0863636542312542 0.157648826281229 0.300235832560591 0.0895927619830257 0.0120318412083655 -0.0942087008073754 -0.00221978281792498 0.055211353555049 -0.023259182037513 0.0159626384694151 0.0300929754754801 -0.0166861193954231 -0.0224819703891255 -0.0623878995921504 -0.0682798034352616 -0.0766095520746216 0.0382724825664714 -0.125134762309827 -0.00753544158158501 -0.0098549250715343 -0.00251917568565989 0.00870199830028026 0.0128469427862472 -0.123496035095827 0.194308074044308 -0.0665622237899945
"4231" 0.0504855076623609 0.103578188567946 0.374666235160122 0.409529078799027 -0.0455300001408754 0.0283980424047512 0 0.461748863499361 0.00737884765919849 0.013536874679297 0.323974154843144 0.45866871595211 -0.0334967260427637 0.63446140517739 0.162810283923793 -0.247024412180586 0.319065939990961 0.539554410465295 0.742419033200949 0.351361314038136 0.508649232649433 0.651990705898778 0.554303606116541 0.357757628550225 0.101066773728383 0.477411315058742 0.520764175261931 0.507764483697043 -0.0242566141640861 -0.235007493399428 0.49106590355209 0.243051136457762 0.575852220720503 0.547889339524008 0.632462222070917 0.620063542707042 0.64779193740694 0.307660760051479 0.560595555272816 0.138362190749283
"5304" 0.374643160119676 0.639523902796034 0.678701794121331 0.505397484233629 0.46165602010648 0.0541694959591252 0.461748863499361 0 0.268961569123236 0.505806092140685 0.496577413981824 0.701775452623769 0.169860112113487 0.744504978042513 0.318669372472825 0.239586111644432 0.848898078977425 0.731807193956057 0.426386801796665 0.407658762694477 0.813251586217464 0.66293469948888 0.718343209520768 0.432719383411391 0.31662325569109 0.704164033845724 0.693430173061728 0.408028400219745 0.375458202945132 0.10990144893452 0.680554862335034 0.356808833516552 0.719536774726325 0.714962468407374 0.706096125188628 0.673311055812482 0.679252653091726 0.381316948677083 0.88623458086769 0.676678854843077
"5917" 0.883151154770333 0.442703214965294 0.474746948236039 0.307529297273232 0.826863734614313 0.541619259535652 0.00737884765919849 0.268961569123236 0 0.594816476592062 0.78836202552942 0.172622210823002 0.439386986499063 0.15467068739996 -0.0986722824234503 0.427080078913765 0.365790156942489 0.171859888957634 0.0362272674902987 -0.161989166484397 0.110648999561956 0.0478162820078021 0.31442597020994 0.0114931505202247 0.299849986977736 0.5233252885869 0.284976285928192 -0.168617842858211 0.457300985200836 0.704057350010211 0.0457468560245857 -0.164914658792458 0.0852641247090202 0.0154898513191664 0.0881146453910882 -0.0117852170173112 0.0325094139739769 -0.130356239620233 0.201474603188603 0.595931860951638
"6405" 0.659022078900104 0.919992807916735 0.533277271323061 0.481371620406095 0.623987987925444 0.620041243467376 0.013536874679297 0.505806092140685 0.594816476592062 0 0.244649341389857 0.418696708365962 0.201303241750473 0.154882917473591 0.26208524122758 0.680444158745721 0.787429308288775 0.376597454231734 0.0374607425674852 0.0830031956696197 0.279453379828573 0.0445487444000362 0.196929317343315 0.150407322035517 0.336594998228969 0.255850170715326 0.222228628054405 -0.183552237700698 0.567154348245448 0.378724221288499 0.374400080427955 0.166303819031625 0.242761189583662 0.301868404960876 0.110092255760617 0.110575274547851 0.0599210327304436 0.0937226281669461 0.40065446062828 0.522854495242666
"6536" 0.709903891846608 0.191014426822264 0.546290361919001 0.345014732369795 0.67050848309341 0.217740833483995 0.323974154843144 0.496577413981824 0.78836202552942 0.244649341389857 0 0.327743167363517 0.397748920084993 0.55372520593661 -0.102744436536754 0.057478701754397 0.347378841987419 0.392843586201853 0.307156979973199 0.0367654791827395 0.440440165579246 0.486498853149986 0.661922381041696 0.194485225878378 0.258155769955277 0.822465014986066 0.592409124952511 0.255331521733602 0.261771200346608 0.481377865440367 0.222201793839823 -0.0751579234214811 0.394617189013357 0.267608858480606 0.496231582893234 0.371355507697189 0.463967284985801 0.0404611876917232 0.507612787539016 0.637952573831506
"7412" 0.0779702427049375 0.575473931549645 0.804796108861886 0.584272818292516 0.230385787749049 0.0253330105445984 0.45866871595211 0.701775452623769 0.172622210823002 0.418696708365962 0.327743167363517 0 0.15339768348853 0.781663564052669 0.52505532591272 0.172426099197403 0.699425280677281 0.87366775374163 0.431453349107566 0.529663589296247 0.596700144663092 0.656070360579196 0.729913010458624 0.51248722299279 0.404831445035989 0.679483825424791 0.730874745746362 0.367098154743682 0.568781590357838 0.111620205528549 0.879415778006934 0.534283507398891 0.832181242471963 0.886885216343342 0.73806266127387 0.737607154066296 0.701696408284232 0.505123056615657 0.626371321903134 0.447410884068728
"47483" 0.290781616109217 0.18912875098938 0.305965556765751 -0.0189739505866265 0.517533019010901 -0.0645814173342536 -0.0334967260427637 0.169860112113487 0.439386986499063 0.201303241750473 0.397748920084993 0.15339768348853 0 0.0953585477631208 0.391956463012653 0.537258682321696 0.165359544415442 0.106603578652699 0.00113882789447073 0.320675450858682 0.060774326291349 -0.0268969465571086 0.214076179444157 0.0103006717260436 0.642937485006891 0.356437444285946 0.202775443208964 0.146139470053143 0.436021876984511 0.564192748084538 0.05818064073319 0.10483216855674 0.0741581858029434 0.0461399572877158 0.043122829985617 -0.0232540586250788 -0.0110855693271489 0.343632500540832 0.0317708761018151 0.461842925017258
"48985" 0.137026559159192 0.299008260001079 0.704981293084376 0.589309413732922 0.13334154038829 -0.00654842074438494 0.63446140517739 0.744504978042513 0.15467068739996 0.154882917473591 0.55372520593661 0.781663564052669 0.0953585477631208 0 0.325879287021448 -0.163024054423687 0.573560680250432 0.858665892924334 0.569979512045287 0.520848554519202 0.746184703452818 0.899571878847581 0.872929281098712 0.54304866917577 0.279296613016665 0.811542071599915 0.83286952193807 0.642824682070735 0.232262117229152 -0.0864113929486281 0.792673183688346 0.409215727999801 0.884169392794788 0.858222738035928 0.917970333783235 0.884753077987781 0.910006544617437 0.477111108122386 0.800651982984364 0.396074791247746
"51898" -0.176066933119342 0.395199876385041 0.415635754232461 0.245038433487752 0.0169382551940175 -0.0863636542312542 0.162810283923793 0.318669372472825 -0.0986722824234503 0.26208524122758 -0.102744436536754 0.52505532591272 0.391956463012653 0.325879287021448 0 0.528249487757305 0.398134973022091 0.479806750432076 0.162388999672277 0.864856853532724 0.236421102548159 0.230267771488415 0.275666373166535 0.278303966865805 0.814701168871079 0.208270805755715 0.307259316919689 0.489180888531671 0.425219850139054 0.0313698068630751 0.544746587001113 0.579127304236712 0.434813213612398 0.523537283622311 0.305717397521922 0.344441747975085 0.274582567493857 0.83773628698611 0.220000835383643 0.163001421508111
"52483" 0.377945720872057 0.665614748841626 0.309628488068063 0.0173562608886248 0.64505998873544 0.157648826281229 -0.247024412180586 0.239586111644432 0.427080078913765 0.680444158745721 0.057478701754397 0.172426099197403 0.537258682321696 -0.163024054423687 0.528249487757305 0 0.480258895319805 0.0609253589084644 -0.180354125578773 0.259338797766374 0.00358666475841222 -0.325904451345033 -0.0511472063470535 -0.0504175555181501 0.66672361462602 0.0705816884390624 -0.0125976563490407 -0.183795132324415 0.657275391367529 0.622688781670221 0.0904477906635325 0.182359715090024 -0.0565217191661625 0.00872354926788768 -0.217023822162137 -0.226800758951685 -0.290042257980461 0.294815271015388 0.00866054024544355 0.527406720824763
"52693" 0.469224775278271 0.879928121768754 0.701942110197201 0.572081651567317 0.526321621696527 0.300235832560591 0.319065939990961 0.848898078977425 0.365790156942489 0.787429308288775 0.347378841987419 0.699425280677281 0.165359544415442 0.573560680250432 0.398134973022091 0.480258895319805 0 0.695769535339795 0.305345906367854 0.357731304473617 0.673091434198467 0.467004328484404 0.554679719347381 0.383491051226121 0.369519649259274 0.545302478038936 0.55951684982619 0.19341690120693 0.528443688968103 0.188580192254158 0.684515390844748 0.373793411673834 0.62214727182179 0.666485919961028 0.532690423659618 0.526089704934152 0.494459946080204 0.341258476947862 0.771196830591671 0.641506407341979
"53398" 0.123701371540894 0.527818957916134 0.786078814862756 0.634735441441466 0.175713097472076 0.0895927619830257 0.539554410465295 0.731807193956057 0.171859888957634 0.376597454231734 0.392843586201853 0.87366775374163 0.106603578652699 0.858665892924334 0.479806750432076 0.0609253589084644 0.695769535339795 0 0.495145501538059 0.578367087651973 0.664741229269983 0.768223837012231 0.788907926423052 0.543291758782492 0.363549239770496 0.719956150909971 0.775554076849599 0.476764090543795 0.444279326900681 -0.0011524986176266 0.898077029989098 0.51080583805746 0.877829756370953 0.910286608646236 0.824634510723623 0.825009366391033 0.796868890485039 0.511093477556492 0.718917606832184 0.40314854011739
"53442" 0.0574514389290545 0.120577252470228 0.366224592292321 0.360937029146671 0.00946886909624371 0.0120318412083655 0.742419033200949 0.426386801796665 0.0362272674902987 0.0374607425674852 0.307156979973199 0.431453349107566 0.00113882789447073 0.569979512045287 0.162388999672277 -0.180354125578773 0.305345906367854 0.495145501538059 0 0.31442407424549 0.454594503097474 0.570711188636917 0.50834553572027 0.321888249029443 0.116836290603834 0.45062936469198 0.479786715890882 0.431563412137395 0.0335458604670033 -0.155065441385484 0.452416176025152 0.227149066743853 0.522256617053874 0.49975561354595 0.563071881334227 0.548559477908815 0.570442580122724 0.279509169417136 0.495678519802468 0.164668155443773
"54703" -0.169994880897546 0.225474326701807 0.386022522484808 0.330634311499141 -0.114672935706875 -0.0942087008073754 0.351361314038136 0.407658762694477 -0.161989166484397 0.0830031956696197 0.0367654791827395 0.529663589296247 0.320675450858682 0.520848554519202 0.864856853532724 0.259338797766374 0.357731304473617 0.578367087651973 0.31442407424549 0 0.405530802655966 0.489865977519587 0.429754818052138 0.354105044229457 0.746395677404536 0.325057904406151 0.430416272852517 0.766940620601016 0.167773550571847 -0.195460787845048 0.577264772721554 0.554211880343152 0.554266011317213 0.59690680448692 0.517468722348082 0.541339150246186 0.513529875859509 0.890518459302031 0.415340639285334 0.101844602393682
"54932" 0.242570507088085 0.413138098922605 0.533186841342705 0.461165696405603 0.242661053158105 -0.00221978281792498 0.508649232649433 0.813251586217464 0.110648999561956 0.279453379828573 0.440440165579246 0.596700144663092 0.060774326291349 0.746184703452818 0.236421102548159 0.00358666475841222 0.673091434198467 0.664741229269983 0.454594503097474 0.405530802655966 0 0.721185048633948 0.686489763698618 0.420374680128513 0.201174004040503 0.63402428528934 0.650077335588144 0.519833652826459 0.142745808088137 -0.0973056893654056 0.609950111532979 0.308946446544682 0.690376982092476 0.664926959060609 0.728090503960208 0.700848504384211 0.725270291728428 0.371212345499682 0.852628775307752 0.486142389950396
"55405" 0.102948247475056 0.166038705432322 0.549413933169881 0.585880061185948 -0.0364714913402521 0.055211353555049 0.651990705898778 0.66293469948888 0.0478162820078021 0.0445487444000362 0.486498853149986 0.656070360579196 -0.0268969465571086 0.899571878847581 0.230267771488415 -0.325904451345033 0.467004328484404 0.768223837012231 0.570711188636917 0.489865977519587 0.721185048633948 0 0.794056747187878 0.50480346600503 0.158453104230317 0.696924340553317 0.746650605695867 0.705205012239227 -0.00559242454114933 -0.29710218604145 0.69604717022971 0.34041616780062 0.815451440868689 0.774370946093103 0.895398926275474 0.871918728889069 0.911735418568555 0.433024667113086 0.79702807346857 0.222178575604029
"55618" 0.247730367740218 0.313179073192593 0.732236531312559 0.510223068836341 0.313100855776877 -0.023259182037513 0.554303606116541 0.718343209520768 0.31442597020994 0.196929317343315 0.661922381041696 0.729913010458624 0.214076179444157 0.872929281098712 0.275666373166535 -0.0511472063470535 0.554679719347381 0.788907926423052 0.50834553572027 0.429754818052138 0.686489763698618 0.794056747187878 0 0.473387371043731 0.320591912704013 0.858124118774248 0.811230020918521 0.522568296121731 0.342823245130492 0.129260778977474 0.704022471931405 0.336067727864334 0.801321950728112 0.759488296010523 0.830243149344394 0.772638538491157 0.806160868760787 0.40336990519658 0.725359579044768 0.521423376167355
"55759" 0.00351575386955929 0.252584453201865 0.428613471687865 0.376766972361892 0.0121276037724556 0.0159626384694151 0.357757628550225 0.432719383411391 0.0114931505202247 0.150407322035517 0.194485225878378 0.51248722299279 0.0103006717260436 0.54304866917577 0.278303966865805 -0.0504175555181501 0.383491051226121 0.543291758782492 0.321888249029443 0.354105044229457 0.420374680128513 0.50480346600503 0.473387371043731 0 0.17800314435971 0.406173428065155 0.464055406229371 0.347651482492388 0.181452897583934 -0.103816695930007 0.535352144562763 0.315241172211696 0.542780144265776 0.560110837991887 0.525277192424998 0.52950804044875 0.519430358563319 0.325121573558217 0.451856726046761 0.178849431561205
"55889" 0.182507756671535 0.380747205880155 0.458741412889125 0.206085743495805 0.362069480516555 0.0300929754754801 0.101066773728383 0.31662325569109 0.299849986977736 0.336594998228969 0.258155769955277 0.404831445035989 0.642937485006891 0.279296613016665 0.814701168871079 0.66672361462602 0.369519649259274 0.363549239770496 0.116836290603834 0.746395677404536 0.201174004040503 0.158453104230317 0.320591912704013 0.17800314435971 0 0.373513884951227 0.328419140060795 0.441942635456856 0.489815438153888 0.356554535343297 0.357912997919126 0.394344997518984 0.318698386227279 0.337560735708298 0.234814663872056 0.209546452055699 0.185839443684082 0.743420373491967 0.203002234840279 0.387000849744984
"56856" 0.407041492171478 0.33486260001072 0.762765482400933 0.447482973065912 0.537616787150855 -0.0166861193954231 0.477411315058742 0.704164033845724 0.5233252885869 0.255850170715326 0.822465014986066 0.679483825424791 0.356437444285946 0.811542071599915 0.208270805755715 0.0705816884390624 0.545302478038936 0.719956150909971 0.45062936469198 0.325057904406151 0.63402428528934 0.696924340553317 0.858124118774248 0.406173428065155 0.373513884951227 0 0.806007876836096 0.406570613272848 0.462864894053614 0.379678693847919 0.606560270660077 0.245426865203333 0.718931841218304 0.655014584095133 0.750333204091055 0.659291932838912 0.708259582243256 0.316427545984316 0.662526121690887 0.679980360539388
"57257" 0.212563965891931 0.34234413745925 0.715497059036299 0.498064454444581 0.296567683778057 -0.0224819703891255 0.520764175261931 0.693430173061728 0.284976285928192 0.222228628054405 0.592409124952511 0.730874745746362 0.202775443208964 0.83286952193807 0.307259316919689 -0.0125976563490407 0.55951684982619 0.775554076849599 0.479786715890882 0.430416272852517 0.650077335588144 0.746650605695867 0.811230020918521 0.464055406229371 0.328419140060795 0.806007876836096 0 0.48001818135717 0.372064215297313 0.129737897940793 0.707329187218537 0.358023665748604 0.780956235286584 0.754857453709708 0.790449158946812 0.741659028646308 0.763813521585784 0.405695490205371 0.686075951973564 0.498008880858194
"57570" -0.0771473365534393 -0.0794158581530252 0.234156587877742 0.353128325296138 -0.236200955330499 -0.0623878995921504 0.507764483697043 0.408028400219745 -0.168617842858211 -0.183552237700698 0.255331521733602 0.367098154743682 0.146139470053143 0.642824682070735 0.489180888531671 -0.183795132324415 0.19341690120693 0.476764090543795 0.431563412137395 0.766940620601016 0.519833652826459 0.705205012239227 0.522568296121731 0.347651482492388 0.441942635456856 0.406570613272848 0.48001818135717 0 -0.240035485956546 -0.432622710081545 0.426949064051175 0.341589476421294 0.552431274256844 0.510850111016887 0.65421102490472 0.649213857497789 0.691588452607527 0.695405886798768 0.567079005025294 0.00170694683323289
"58647" 0.206125583236533 0.638080457684681 0.671462938826546 0.154798737799767 0.647660769222306 -0.0682798034352616 -0.0242566141640861 0.375458202945132 0.457300985200836 0.567154348245448 0.261771200346608 0.568781590357838 0.436021876984511 0.232262117229152 0.425219850139054 0.657275391367529 0.528443688968103 0.444279326900681 0.0335458604670033 0.167773550571847 0.142745808088137 -0.00559242454114933 0.342823245130492 0.181452897583934 0.489815438153888 0.462864894053614 0.372064215297313 -0.240035485956546 0 0.753121392459184 0.47205723377766 0.317931684427592 0.337986829148871 0.410228547109307 0.152973343996029 0.120860899747747 0.0552123215743301 0.217208365564933 0.0946504373121833 0.646175874883955
"58965" 0.44673361827544 0.327380837775346 0.380912820619285 -0.151313508108318 0.850654981307201 -0.0766095520746216 -0.235007493399428 0.10990144893452 0.704057350010211 0.378724221288499 0.481377865440367 0.111620205528549 0.564192748084538 -0.0864113929486281 0.0313698068630751 0.622688781670221 0.188580192254158 -0.0011524986176266 -0.155065441385484 -0.195460787845048 -0.0973056893654056 -0.29710218604145 0.129260778977474 -0.103816695930007 0.356554535343297 0.379678693847919 0.129737897940793 -0.432622710081545 0.753121392459184 0 -0.0490348838172481 -0.0798755644470443 -0.0795809888360021 -0.0995947230441701 -0.170755484645673 -0.264101976079083 -0.26650328929859 -0.120913600611597 -0.158474340557131 0.687124369515529
"60594" -0.0109269316477242 0.546454857739126 0.747709780833175 0.59468632533703 0.0864645850106554 0.0382724825664714 0.49106590355209 0.680554862335034 0.0457468560245857 0.374400080427955 0.222201793839823 0.879415778006934 0.05818064073319 0.792673183688346 0.544746587001113 0.0904477906635325 0.684515390844748 0.898077029989098 0.452416176025152 0.577264772721554 0.609950111532979 0.69604717022971 0.704022471931405 0.535352144562763 0.357912997919126 0.606560270660077 0.707329187218537 0.426949064051175 0.47205723377766 -0.0490348838172481 0 0.566514961289704 0.852322006303827 0.917561668335809 0.76247634090945 0.785329044332914 0.736577666741039 0.536795805410201 0.648275679415569 0.33027014407355
"61485" -0.215230188149605 0.312618928102635 0.396075540149333 0.272350003339894 -0.0633124359231031 -0.125134762309827 0.243051136457762 0.356808833516552 -0.164914658792458 0.166303819031625 -0.0751579234214811 0.534283507398891 0.10483216855674 0.409215727999801 0.579127304236712 0.182359715090024 0.373793411673834 0.51080583805746 0.227149066743853 0.554211880343152 0.308946446544682 0.34041616780062 0.336067727864334 0.315241172211696 0.394344997518984 0.245426865203333 0.358023665748604 0.341589476421294 0.317931684427592 -0.0798755644470443 0.566514961289704 0 0.491839003179932 0.565594142764776 0.395998673012618 0.434206455669655 0.377149826531695 0.53065981954681 0.297499918948209 0.123977276156344
"61795" 0.049406691789995 0.411382532560989 0.725465356146862 0.58604889397611 0.101163926114656 -0.00753544158158501 0.575852220720503 0.719536774726325 0.0852641247090202 0.242761189583662 0.394617189013357 0.832181242471963 0.0741581858029434 0.884169392794788 0.434813213612398 -0.0565217191661625 0.62214727182179 0.877829756370953 0.522256617053874 0.554266011317213 0.690376982092476 0.815451440868689 0.801321950728112 0.542780144265776 0.318698386227279 0.718931841218304 0.780956235286584 0.552431274256844 0.337986829148871 -0.0795809888360021 0.852322006303827 0.491839003179932 0 0.89462586020331 0.856366343816371 0.848102860979795 0.840930592337785 0.512848809575314 0.733801376663191 0.363006856970029
"65227" -0.0303634940994548 0.48353639686351 0.744625676160857 0.598743324470281 0.0558441482824451 -0.0098549250715343 0.547889339524008 0.714962468407374 0.0154898513191664 0.301868404960876 0.267608858480606 0.886885216343342 0.0461399572877158 0.858222738035928 0.523537283622311 0.00872354926788768 0.666485919961028 0.910286608646236 0.49975561354595 0.59690680448692 0.664926959060609 0.774370946093103 0.759488296010523 0.560110837991887 0.337560735708298 0.655014584095133 0.754857453709708 0.510850111016887 0.410228547109307 -0.0995947230441701 0.917561668335809 0.565594142764776 0.89462586020331 0 0.830567392300238 0.846894023209249 0.809840598186037 0.555561745749214 0.701088724519489 0.330284995703799
"65477" 0.0942211127290984 0.252839886866292 0.64109550491575 0.575607573439636 0.0542510539493342 -0.00251917568565989 0.632462222070917 0.706096125188628 0.0881146453910882 0.110092255760617 0.496231582893234 0.73806266127387 0.043122829985617 0.917970333783235 0.305717397521922 -0.217023822162137 0.532690423659618 0.824634510723623 0.563071881334227 0.517468722348082 0.728090503960208 0.895398926275474 0.830243149344394 0.525277192424998 0.234814663872056 0.750333204091055 0.790449158946812 0.65421102490472 0.152973343996029 -0.170755484645673 0.76247634090945 0.395998673012618 0.856366343816371 0.830567392300238 0 0.874446664582949 0.900894024834282 0.467873931783236 0.78480578070652 0.320442091450531
"66689" 0.0131606221020893 0.262940347941147 0.602374771809246 0.583206389484469 -0.0454461199788369 0.00870199830028026 0.620063542707042 0.673311055812482 -0.0117852170173112 0.110575274547851 0.371355507697189 0.737607154066296 -0.0232540586250788 0.884753077987781 0.344441747975085 -0.226800758951685 0.526089704934152 0.825009366391033 0.548559477908815 0.541339150246186 0.700848504384211 0.871918728889069 0.772638538491157 0.52950804044875 0.209546452055699 0.659291932838912 0.741659028646308 0.649213857497789 0.120860899747747 -0.264101976079083 0.785329044332914 0.434206455669655 0.848102860979795 0.846894023209249 0.874446664582949 0 0.881586390818247 0.48655290155846 0.75889671682905 0.23262134128466
"66819" 0.0676796803699081 0.197502784344212 0.582989061188208 0.578162608530003 -0.0248880192215471 0.0128469427862472 0.64779193740694 0.679252653091726 0.0325094139739769 0.0599210327304436 0.463967284985801 0.701696408284232 -0.0110855693271489 0.910006544617437 0.274582567493857 -0.290042257980461 0.494459946080204 0.796868890485039 0.570442580122724 0.513529875859509 0.725270291728428 0.911735418568555 0.806160868760787 0.519430358563319 0.185839443684082 0.708259582243256 0.763813521585784 0.691588452607527 0.0552123215743301 -0.26650328929859 0.736577666741039 0.377149826531695 0.840930592337785 0.809840598186037 0.900894024834282 0.881586390818247 0 0.458190135481869 0.789640174163466 0.24883770563116
"66874" -0.160430701886443 0.226813360634522 0.39083938562804 0.283632178426748 -0.0659441663909475 -0.123496035095827 0.307660760051479 0.381316948677083 -0.130356239620233 0.0937226281669461 0.0404611876917232 0.505123056615657 0.343632500540832 0.477111108122386 0.83773628698611 0.294815271015388 0.341258476947862 0.511093477556492 0.279509169417136 0.890518459302031 0.371212345499682 0.433024667113086 0.40336990519658 0.325121573558217 0.743420373491967 0.316427545984316 0.405695490205371 0.695405886798768 0.217208365564933 -0.120913600611597 0.536795805410201 0.53065981954681 0.512848809575314 0.555561745749214 0.467873931783236 0.48655290155846 0.458190135481869 0 0.365827197352968 0.13611436812004
"68712" 0.388615635732087 0.507647627855644 0.580254626844945 0.599180988578249 0.26932583525772 0.194308074044308 0.560595555272816 0.88623458086769 0.201474603188603 0.40065446062828 0.507612787539016 0.626371321903134 0.0317708761018151 0.800651982984364 0.220000835383643 0.00866054024544355 0.771196830591671 0.718917606832184 0.495678519802468 0.415340639285334 0.852628775307752 0.79702807346857 0.725359579044768 0.451856726046761 0.203002234840279 0.662526121690887 0.686075951973564 0.567079005025294 0.0946504373121833 -0.158474340557131 0.648275679415569 0.297499918948209 0.733801376663191 0.701088724519489 0.78480578070652 0.75889671682905 0.789640174163466 0.365827197352968 0 0.488337514867824
"69691" 0.537073871933976 0.569483595497977 0.609958134321662 0.164649308722081 0.849009500459961 -0.0665622237899945 0.138362190749283 0.676678854843077 0.595931860951638 0.522854495242666 0.637952573831506 0.447410884068728 0.461842925017258 0.396074791247746 0.163001421508111 0.527406720824763 0.641506407341979 0.40314854011739 0.164668155443773 0.101844602393682 0.486142389950396 0.222178575604029 0.521423376167355 0.178849431561205 0.387000849744984 0.679980360539388 0.498008880858194 0.00170694683323289 0.646175874883955 0.687124369515529 0.33027014407355 0.123977276156344 0.363006856970029 0.330284995703799 0.320442091450531 0.23262134128466 0.24883770563116 0.13611436812004 0.488337514867824 0
