"1565" "1587" "1655" "3124" "3149" "4782" "4794" "5098" "5420" "5582" "5645" "6303" "6315" "6383" "6515" "6891" "9424" "15578" "36403" "49169" "50288" "50422" "50672" "53562" "54111" "54945" "56135" "56541" "57742" "58369" "58487" "58991" "60319" "60571" "60621" "62020" "62765" "63049" "63098" "63620" "63884" "65025" "66195" "67706" "68091" "69186"
"1565" 0 0.19763228783393 0.383558408372708 0.148743026930318 0.0269244988550127 0.274958433410966 0.00890572022275363 0.109161247914366 0.0675309840498615 0.695909988192883 0.521593740326946 0.31803412250712 0.231390845743544 -0.0216167119603868 0.0892555807851849 0.67066188066605 0.192251336015081 0.637064840910825 0.270480473398686 0.962416054545476 -0.327023535805739 0.864277679095608 -0.0552645577264859 -0.164349166219085 0.228290473263736 -0.079241804400693 -0.0872564603469752 -0.118925277210666 0.391578766203377 0.241362936359662 0.55570873858449 -0.298340702038494 -0.35920887174364 0.0292208743053373 -0.191890305112308 -0.0698843601175674 -0.156101119176151 0.43089680885245 0.248061150056379 -0.224474171095122 -0.0968269339226259 0.240639803144505 -0.0630434992825788 0.407097648972326 -0.0707235963630728 -0.196699741331084
"1587" 0.19763228783393 0 0.776645341869714 0.629913293648364 0.79935732199295 0.00962979136388995 0.0815775264093771 0.0695220459717482 0.112547318434046 0.120710721774867 -0.0889951808200806 0.157003828180024 0.421922718089535 -0.0786837629846588 0.0760743722528502 0.0640665038707047 -0.0589973503072761 -0.0747500442779626 0.0657785148692477 0.0238853920639603 0.00498974694663867 0.064364175504618 0.0997381198653104 0.15274589935569 0.252294163306398 0.188615703482208 0.115486388117851 0.00048478731312475 0.0060178885035902 0.0785435009136918 0.006114491889833 -0.0321218333085867 -0.0305824046290671 0.0692005612262177 0.0631474053703589 -0.134333428283603 -0.181701410349092 -0.10200645288288 0.0389647026800416 -0.0407133964572103 0.0933381017036015 -0.0437155780263685 0.10646652686579 0.0549271610409564 -0.0350116878569732 -0.046799717198467
"1655" 0.383558408372708 0.776645341869714 0 0.549078151481036 0.612444791237456 0.335967282225189 0.328099004451611 0.355094700444773 0.329782520019948 0.581097296288871 0.0809045001139582 0.400374418935175 0.435885083318161 0.0928198808784684 0.359051542240041 0.322444726308485 0.0755609333495323 0.0427040605424898 0.384533217740634 0.292878706237001 0.0931418182209574 0.289404809076527 0.342252549958932 0.368699674201521 0.629799025788034 0.424494724179036 0.343340320646555 0.0842763319434392 0.376931018194821 0.317614974327608 0.359271124332655 0.0679311287722517 0.0819589309758754 0.370236413850566 0.317724713078802 0.0698544872027017 -0.168991497374202 0.0905608069397243 0.37740759905971 0.0768330685107159 0.32997772884235 0.325459441146142 0.399346937523274 0.365912497093481 0.0918369174668542 0.0767122471111256
"3124" 0.148743026930318 0.629913293648364 0.549078151481036 0 0.846037054024019 0.128609538182292 0.07900408507541 0.102248039989093 0.0769484287156411 0.125240271928156 0.202631029364553 0.130058364302632 0.486718279351265 0.290347634109296 0.112835645842282 0.0399600492182342 0.215277583993064 0.125460561012666 0.0723979275755553 0.0503261126265538 -0.109694427006044 0.0923071026126978 0.0627300344152799 0.0998816581939909 0.160814161772853 0.138862357973577 0.0636486557512753 0.22076876466513 0.10764431742979 0.0420845352761897 0.0731546547342284 0.220058465866739 0.256495677624305 0.0723220287265003 0.0710147378123888 0.0505305740285707 0.0374312056831186 -0.159194373549459 0.0765344312269019 -0.169287680636142 0.07688821692509 -0.140262869682394 0.16635424263438 0.0580298796669419 0.261440591488144 0.246532904124164
"3149" 0.0269244988550127 0.79935732199295 0.612444791237456 0.846037054024019 0 -0.0511109212357641 0.0486752260078806 0.0224106855375531 0.0683191848965156 0.00192854379887427 0.0098107049225471 0.0694715178674287 0.377692369198827 0.187817243379536 0.0322155239703404 -0.060660161393448 0.10712016778721 -0.0239949688479231 -0.00584827883282824 -0.118790826252574 -0.0242758169552782 -0.082309072497524 0.0727239532958849 0.133373059109893 0.182741185834123 0.150993055834363 0.0905978769203869 0.197153416008905 -0.0737737005812731 0.0131082855475515 -0.0976312611869868 0.202840120962269 0.23962847228046 0.0312459832933023 0.0566910866095253 0.023262010046637 0.0235105652009948 -0.239788496039677 -0.026560712951161 -0.0933104845067992 0.0746560677442289 -0.139983632471492 0.0797236721668637 -0.0357068376558909 0.203382873638479 0.201779147984704
"4782" 0.274958433410966 0.00962979136388995 0.335967282225189 0.128609538182292 -0.0511109212357641 0 0.741998659149141 0.889045048714743 0.659773329150524 0.544314368237345 0.323840604688713 0.774544495420048 0.382252135603175 0.249532041977294 0.854699598034088 0.470613905182431 0.209105268257144 0.33981341729341 0.603428722528877 0.360857587692994 0.09741571079986 0.497456664522591 0.433044890996606 0.410133612216717 0.356588900195797 0.481092971323795 0.397548015838958 0.0969423214593352 0.782548502773672 0.420152960993863 0.70736312599384 0.121936357508833 0.139637191748713 0.564807759801804 0.497717768574119 -0.0279480312748188 -0.117273750985604 0.319992167047721 0.664675269309104 0.120895625065221 0.438095311731748 0.202162088229623 0.665229717822954 0.584786649757094 0.160611053028605 0.158319326733106
"4794" 0.00890572022275363 0.0815775264093771 0.328099004451611 0.07900408507541 0.0486752260078806 0.741998659149141 0 0.93480150854325 0.913027744987243 0.445201840133231 0.125353731664497 0.876939534949349 -0.124564386047252 0.437266625536609 0.908782156609437 0.521549941839927 0.265110487909399 0.251404424115793 0.735823676176309 0.0636786584843154 0.407507695837503 0.230802193144298 0.747280385286743 0.740706941248 0.585682775308533 0.752634195388233 0.748741614458877 0.338466861367738 0.603797497414258 0.642911986822332 0.585789913226339 0.396906636340394 0.458929419579588 0.776172674941586 0.722154691710336 0.0701646666026617 0.0979630662827309 0.275093150049961 0.730350638729335 0.461439849375317 0.679601790734239 0.334896091700813 0.636014959169124 0.681341251838884 0.401466519641329 0.416539046385249
"5098" 0.109161247914366 0.0695220459717482 0.355094700444773 0.102248039989093 0.0224106855375531 0.889045048714743 0.93480150854325 0 0.885899603759804 0.508984271035752 0.202726371511073 0.903237212798415 0.0290617906281004 0.402101975815828 0.946831253208456 0.54566439021297 0.267548893836238 0.30215729153882 0.740343047525681 0.175779657362769 0.32846387037741 0.342503412107271 0.689883476001743 0.675900726670485 0.549520960255216 0.709306226354222 0.679706661593179 0.280595061195075 0.698874849132081 0.614264448074428 0.665772773567757 0.328480745914359 0.378538157562419 0.753108699361043 0.689043984418222 0.0406093326802028 0.0350243763104336 0.312276749608207 0.752613628635307 0.376230135009243 0.640870593561693 0.315448358597477 0.678593416301871 0.695875868576388 0.348084846623531 0.356268398063745
"5420" 0.0675309840498615 0.112547318434046 0.329782520019948 0.0769484287156411 0.0683191848965156 0.659773329150524 0.913027744987243 0.885899603759804 0 0.455080803201459 0.134943930121535 0.874869817190994 -0.203893434660521 0.435465723504838 0.862594694959034 0.568872402815184 0.278958215014761 0.300707221382059 0.734856394770096 0.105825612618376 0.39942687979888 0.258744943219677 0.744061441284406 0.722215771509703 0.596019852227895 0.735117735798571 0.752452408392015 0.347918816171991 0.555290327198099 0.665792867258406 0.575766895823008 0.392585977635499 0.443221481414632 0.755750805986802 0.681578779555386 0.0657244769734279 0.124959580092998 0.295708452285189 0.702026114188575 0.470172851257277 0.659211244608834 0.351152396824115 0.560097571405027 0.693909833464062 0.41119994049536 0.412537333684451
"5582" 0.695909988192883 0.120710721774867 0.581097296288871 0.125240271928156 0.00192854379887427 0.544314368237345 0.445201840133231 0.508984271035752 0.455080803201459 0 0.426922412717457 0.587709969298204 0.109099642851751 0.276861154463385 0.493623214588142 0.752493643114925 0.294902735181429 0.438265419029042 0.662843796665252 0.737846787766285 0.0546798045638052 0.707057048954849 0.451386087208927 0.380051999193682 0.688992547039461 0.444999632099591 0.427441287369888 0.136152100836715 0.690492452066542 0.563200006910405 0.764204605365274 0.0689442924221246 0.0739320219239613 0.53979313064586 0.371001583510701 0.153686703024919 -0.0484865212792063 0.457858298017852 0.651295164574655 0.149035748117005 0.391160760797428 0.558493738204197 0.422847390449324 0.707090578794271 0.214757905546291 0.15077849757692
"5645" 0.521593740326946 -0.0889951808200806 0.0809045001139582 0.202631029364553 0.0098107049225471 0.323840604688713 0.125353731664497 0.202726371511073 0.134943930121535 0.426922412717457 0 0.278015706456455 0.181613363857962 0.478816544756597 0.191002408888123 0.475058898676863 0.465491859629342 0.632040030029383 0.299508917068466 0.559237700520395 -0.231070107825612 0.565684642181526 0.0834500866968187 0.00859581710210399 0.11751460219668 0.0623646894449627 0.0563305768269408 0.259077039938559 0.404836996955603 0.239120107001277 0.47701130291516 0.188785646974538 0.210641607204383 0.164552750925931 0.0308881348042277 0.219426538069865 0.171909490080035 0.214636091848445 0.3034506294742 -0.172108709968838 0.0600471511959587 0.0219017232169367 0.1180258267662 0.368763078411605 0.377935314460585 0.298482322916084
"6303" 0.31803412250712 0.157003828180024 0.400374418935175 0.130058364302632 0.0694715178674287 0.774544495420048 0.876939534949349 0.903237212798415 0.874869817190994 0.587709969298204 0.278015706456455 0 -0.0381604906599812 0.385061583997982 0.946256784349387 0.686562024196922 0.299456565394264 0.453233472977324 0.74700723388734 0.350978626765363 0.260683523155813 0.486656327082407 0.650972702912884 0.60980267551168 0.565903885708114 0.650514461226664 0.645578858699113 0.266777691195013 0.66167082769574 0.657647547359985 0.701550668521422 0.25818802840444 0.29439338713887 0.703560548050464 0.583305612729777 0.00757089808648871 0.0355088407856298 0.38462183787393 0.725155564450007 0.340990358917654 0.578610363252369 0.33806298913592 0.549311825784705 0.74367739779151 0.338023312660453 0.309759384549151
"6315" 0.231390845743544 0.421922718089535 0.435885083318161 0.486718279351265 0.377692369198827 0.382252135603175 -0.124564386047252 0.0290617906281004 -0.203893434660521 0.109099642851751 0.181613363857962 -0.0381604906599812 0 -0.14247828863821 0.0616113520574295 -0.171300023280667 -0.0487561644226055 -0.00429818975311098 -0.140797913259372 0.193087275259157 -0.3401548873426 0.207482225903724 -0.293415319781886 -0.254135308071634 -0.148957894679742 -0.168961480306734 -0.330959068025688 -0.197416109541773 0.241164401925041 -0.275885502937969 0.0989048864642907 -0.198933360327074 -0.224499754629804 -0.177120605459039 -0.144128980089273 -0.116701291239181 -0.30514037814821 -0.124546689691916 -0.0454078734182016 -0.441337756749045 -0.184805708184753 -0.253563807291218 0.219660412136508 -0.143445010036257 -0.202903949115288 -0.190568245590841
"6383" -0.0216167119603868 -0.0786837629846588 0.0928198808784684 0.290347634109296 0.187817243379536 0.249532041977294 0.437266625536609 0.402101975815828 0.435465723504838 0.276861154463385 0.478816544756597 0.385061583997982 -0.14247828863821 0 0.390867275265452 0.378765946633476 0.659831691293281 0.400490126955532 0.503452431627002 0.0304097671705518 0.15347137403562 0.132059106923275 0.522377603021324 0.509264199649801 0.3885660076214 0.497699826839871 0.528122840391354 0.703714461736452 0.358041829212299 0.46192565518107 0.376133172400232 0.758824529535417 0.872009419511456 0.527067876055828 0.479731471108009 0.349551290475645 0.504054995266795 0.0249217435676939 0.479357632714342 0.175127533501882 0.459876898420586 0.0842004144633094 0.369184516644202 0.469583777211177 0.864081964407143 0.843901259289237
"6515" 0.0892555807851849 0.0760743722528502 0.359051542240041 0.112835645842282 0.0322155239703404 0.854699598034088 0.908782156609437 0.946831253208456 0.862594694959034 0.493623214588142 0.191002408888123 0.946256784349387 0.0616113520574295 0.390867275265452 0 0.514557686057387 0.251743761034606 0.277048285813608 0.721193170570704 0.155574792428261 0.322397192278545 0.322174882581484 0.671323090431894 0.66137228929381 0.533051838016428 0.697628814442586 0.663353064261363 0.269849836707531 0.693562567663691 0.590659231699901 0.649006779252465 0.322799336797962 0.372447400685095 0.739396245603335 0.683485998986895 0.0383756202963373 0.020800309485808 0.293644408188393 0.733054702031839 0.363264750702136 0.631149598629489 0.298837573947057 0.68985748369978 0.674000227192571 0.334485153145095 0.346776453226975
"6891" 0.67066188066605 0.0640665038707047 0.322444726308485 0.0399600492182342 -0.060660161393448 0.470613905182431 0.521549941839927 0.54566439021297 0.568872402815184 0.752493643114925 0.475058898676863 0.686562024196922 -0.171300023280667 0.378765946633476 0.514557686057387 0 0.400793104591013 0.566665868003534 0.791291094840779 0.700817856291804 0.130603165398102 0.788715940852489 0.582151644489309 0.477757077269582 0.550169125389335 0.532849463692929 0.571300899235574 0.232087885284329 0.692793382818059 0.734927062352838 0.842798668185227 0.136597541478313 0.146292503279935 0.641985823126726 0.423213434873888 -0.0262287035971756 0.0546198390466696 0.565259256393803 0.74191456750743 0.274372946528908 0.474129660398034 0.398488324495876 0.366196212288638 0.856475567950278 0.328958824516657 0.236583870246128
"9424" 0.192251336015081 -0.0589973503072761 0.0755609333495323 0.215277583993064 0.10712016778721 0.209105268257144 0.265110487909399 0.267548893836238 0.278958215014761 0.294902735181429 0.465491859629342 0.299456565394264 -0.0487561644226055 0.659831691293281 0.251743761034606 0.400793104591013 0 0.438145332753311 0.366947148705731 0.225282976105144 0.00130382940571748 0.280621732717542 0.304942260340668 0.26470547374482 0.252830458011815 0.278525104543535 0.301635329325711 0.46175020605008 0.303675680006935 0.339412521785074 0.355393515371975 0.456856185889377 0.519586844832891 0.326635957749976 0.247525038484612 0.218610784077902 0.332881724952895 0.0976244050601961 0.346739325796046 0.0402431695999083 0.256646219340925 0.0628369103509981 0.196423896431938 0.381061575852964 0.583864375180894 0.541561835159136
"15578" 0.637064840910825 -0.0747500442779626 0.0427040605424898 0.125460561012666 -0.0239949688479231 0.33981341729341 0.251404424115793 0.30215729153882 0.300707221382059 0.438265419029042 0.632040030029383 0.453233472977324 -0.00429818975311098 0.400490126955532 0.277048285813608 0.566665868003534 0.438145332753311 0 0.278246118307853 0.649505904946663 -0.239814939849269 0.622421285900501 0.0713306459468183 -0.0423186278195797 0.11978080858328 0.00200778129852651 0.0385255836910238 0.217033367825679 0.302418143143243 0.270462317186325 0.448784944330611 0.101049839995318 0.107061093658471 0.106859431884445 -0.0676736328570095 0.0742369452031723 0.17671111668597 0.281025005854311 0.247884498698106 -0.148864330323406 0.00144218906591776 0.0700308539501583 -0.0487758513804535 0.386266806193009 0.324691265494707 0.219983356388015
"36403" 0.270480473398686 0.0657785148692477 0.384533217740634 0.0723979275755553 -0.00584827883282824 0.603428722528877 0.735823676176309 0.740343047525681 0.734856394770096 0.662843796665252 0.299508917068466 0.74700723388734 -0.140797913259372 0.503452431627002 0.721193170570704 0.791291094840779 0.366947148705731 0.278246118307853 0 0.335769055468772 0.374117719333363 0.507208258220672 0.829384078430385 0.783228999772666 0.682162451176609 0.817366784364772 0.825121919352031 0.358016207938065 0.791192594512632 0.805195623162554 0.824455673996947 0.371393339008872 0.424739952945706 0.887144256079222 0.758447061661794 0.0462367928407225 0.0905903242965825 0.451862710008731 0.892782478942457 0.472299924121157 0.740672008316814 0.425064621430661 0.68390209816217 0.892746666420713 0.447065397536926 0.426620948383997
"49169" 0.962416054545476 0.0238853920639603 0.292878706237001 0.0503261126265538 -0.118790826252574 0.360857587692994 0.0636786584843154 0.175779657362769 0.105825612618376 0.737846787766285 0.559237700520395 0.350978626765363 0.193087275259157 0.0304097671705518 0.155574792428261 0.700817856291804 0.225282976105144 0.649505904946663 0.335769055468772 0 -0.296651205546123 0.885257665482952 -0.00570609674056508 -0.122680943306109 0.245645502524507 -0.0377084786925271 -0.0436736552803644 -0.0967556049245855 0.483239803909499 0.288000552426955 0.631402856312703 -0.261175349864624 -0.315768749981591 0.100065946880095 -0.121730498315407 -0.0334691293439231 -0.130156772479457 0.476442340516804 0.323666510783252 -0.185980049359645 -0.0419059446066543 0.285112274896656 0.013635363210957 0.46598601747565 -0.0353094534019493 -0.154586543590335
"50288" -0.327023535805739 0.00498974694663867 0.0931418182209574 -0.109694427006044 -0.0242758169552782 0.09741571079986 0.407507695837503 0.32846387037741 0.39942687979888 0.0546798045638052 -0.231070107825612 0.260683523155813 -0.3401548873426 0.15347137403562 0.322397192278545 0.130603165398102 0.00130382940571748 -0.239814939849269 0.374117719333363 -0.296651205546123 0 -0.185696816872502 0.522973350517976 0.550072567335301 0.37314917639454 0.517376685076666 0.54612925568024 0.185806746006831 0.164328587517254 0.363215622179643 0.134086889582485 0.27017068060475 0.315235864830165 0.482541941312427 0.514411174065634 0.115369206972248 0.454251099281829 0.450119937935167 0.348665273826206 0.851532081711394 0.473603180275285 0.596662300341105 0.346079799426801 0.297400500994472 0.180917241003952 0.241276260972483
"50422" 0.864277679095608 0.064364175504618 0.289404809076527 0.0923071026126978 -0.082309072497524 0.497456664522591 0.230802193144298 0.342503412107271 0.258744943219677 0.707057048954849 0.565684642181526 0.486656327082407 0.207482225903724 0.132059106923275 0.322174882581484 0.788715940852489 0.280621732717542 0.622421285900501 0.507208258220672 0.885257665482952 -0.185696816872502 0 0.179924142299553 0.0721492317439522 0.260774431959375 0.161112623995277 0.144933322020674 -0.0161452394646993 0.635455801632209 0.426013700046186 0.758592423406743 -0.155195683423559 -0.190667743717831 0.294344740882998 0.0762505443163589 -0.119019480821538 -0.117204808228255 0.515498581874368 0.508236928320395 -0.0737886606607546 0.143370923701219 0.219855747054384 0.202967254761557 0.625673800981346 0.0572934829153422 -0.0493124914477172
"50672" -0.0552645577264859 0.0997381198653104 0.342252549958932 0.0627300344152799 0.0727239532958849 0.433044890996606 0.747280385286743 0.689883476001743 0.744061441284406 0.451386087208927 0.0834500866968187 0.650972702912884 -0.293415319781886 0.522377603021324 0.671323090431894 0.582151644489309 0.304942260340668 0.0713306459468183 0.829384078430385 -0.00570609674056508 0.522973350517976 0.179924142299553 0 0.877793054123645 0.690503899677106 0.87901268682557 0.901313029919664 0.43290116507558 0.596151240313343 0.757247698162719 0.595916558829263 0.501700742575877 0.579623649607049 0.889692356560995 0.831475893412239 0.128890769651537 0.169775766753059 0.287691467378547 0.791218866225085 0.594381554017837 0.799305127206486 0.400597363570351 0.662507961637513 0.762033758578865 0.50677106425424 0.525617384737334
"53562" -0.164349166219085 0.15274589935569 0.368699674201521 0.0998816581939909 0.133373059109893 0.410133612216717 0.740706941248 0.675900726670485 0.722215771509703 0.380051999193682 0.00859581710210399 0.60980267551168 -0.254135308071634 0.509264199649801 0.66137228929381 0.477757077269582 0.26470547374482 -0.0423186278195797 0.783228999772666 -0.122680943306109 0.550072567335301 0.0721492317439522 0.877793054123645 0 0.676964117322377 0.88589235494976 0.898756401153035 0.432633985940013 0.544189175715725 0.708514497063646 0.520329700490961 0.524080767827898 0.605749844204725 0.876667960619201 0.847410843303644 0.109538856055213 0.161621705139877 0.223042704995113 0.750798041697814 0.595198251515131 0.797392221703742 0.368629664423104 0.684689607910048 0.693560181226298 0.490028258677544 0.525847211263687
"54111" 0.228290473263736 0.252294163306398 0.629799025788034 0.160814161772853 0.182741185834123 0.356588900195797 0.585682775308533 0.549520960255216 0.596019852227895 0.688992547039461 0.11751460219668 0.565903885708114 -0.148957894679742 0.3885660076214 0.533051838016428 0.550169125389335 0.252830458011815 0.11978080858328 0.682162451176609 0.245645502524507 0.37314917639454 0.260774431959375 0.690503899677106 0.676964117322377 0 0.69307366312316 0.701025946397985 0.32106874714942 0.5029138073989 0.633894280034646 0.528800089629642 0.342722795094893 0.395910777819691 0.695362780774348 0.618996120507702 0.251808907674594 0.0884218792707024 0.266003149112368 0.647965270575786 0.423668030567382 0.610916823474785 0.595557782941112 0.505489163555117 0.64824760388893 0.374442146848222 0.368993486292038
"54945" -0.079241804400693 0.188615703482208 0.424494724179036 0.138862357973577 0.150993055834363 0.481092971323795 0.752634195388233 0.709306226354222 0.735117735798571 0.444999632099591 0.0623646894449627 0.650514461226664 -0.168961480306734 0.497699826839871 0.697628814442586 0.532849463692929 0.278525104543535 0.00200778129852651 0.817366784364772 -0.0377084786925271 0.517376685076666 0.161112623995277 0.87901268682557 0.88589235494976 0.69307366312316 0 0.893163938233693 0.414275217824909 0.619131862785198 0.728539351087941 0.592398267887922 0.495353693357677 0.572118647149897 0.891620034400121 0.851757852037294 0.0885725299798168 0.127181184909254 0.251204003443531 0.794073516800683 0.563993268546521 0.80247432913697 0.374094644044937 0.722215505388596 0.73961404792696 0.476268380352516 0.504629729731664
"56135" -0.0872564603469752 0.115486388117851 0.343340320646555 0.0636486557512753 0.0905978769203869 0.397548015838958 0.748741614458877 0.679706661593179 0.752452408392015 0.427441287369888 0.0563305768269408 0.645578858699113 -0.330959068025688 0.528122840391354 0.663353064261363 0.571300899235574 0.301635329325711 0.0385255836910238 0.825121919352031 -0.0436736552803644 0.54612925568024 0.144933322020674 0.901313029919664 0.898756401153035 0.701025946397985 0.893163938233693 0 0.448661070967073 0.561984186588377 0.764895962555184 0.569047914514001 0.52126618902592 0.602422526112945 0.894346477757778 0.841080106215129 0.110973188374838 0.187438658863087 0.27309794270195 0.784939923854323 0.612647674734438 0.804651609971418 0.405497154057331 0.6510455447031 0.754120004943979 0.51672705029887 0.536056679021192
"56541" -0.118925277210666 0.00048478731312475 0.0842763319434392 0.22076876466513 0.197153416008905 0.0969423214593352 0.338466861367738 0.280595061195075 0.347918816171991 0.136152100836715 0.259077039938559 0.266777691195013 -0.197416109541773 0.703714461736452 0.269849836707531 0.232087885284329 0.46175020605008 0.217033367825679 0.358016207938065 -0.0967556049245855 0.185806746006831 -0.0161452394646993 0.43290116507558 0.432633985940013 0.32106874714942 0.414275217824909 0.448661070967073 0 0.181692258452112 0.354484466790117 0.196452169529882 0.607770037811877 0.697972267494831 0.406469320092305 0.391473213204367 0.270638605016542 0.401430564080055 -0.0303148867225938 0.326500091384733 0.204884826611106 0.37791924428699 0.0723976067599924 0.250468632683056 0.332201035335438 0.657930424804796 0.656212992155255
"57742" 0.391578766203377 0.0060178885035902 0.376931018194821 0.10764431742979 -0.0737737005812731 0.782548502773672 0.603797497414258 0.698874849132081 0.555290327198099 0.690492452066542 0.404836996955603 0.66167082769574 0.241164401925041 0.358041829212299 0.693562567663691 0.692793382818059 0.303675680006935 0.302418143143243 0.791192594512632 0.483239803909499 0.164328587517254 0.635455801632209 0.596151240313343 0.544189175715725 0.5029138073989 0.619131862785198 0.561984186588377 0.181692258452112 0 0.610745037846065 0.871402723190398 0.18779050635445 0.20973934205666 0.725544489708601 0.605869490144421 -0.0168323731332529 -0.0665574410515948 0.443040887375274 0.819746379850291 0.229014760966568 0.584004683442492 0.310007023444412 0.726960889685011 0.782721298456836 0.266462700288663 0.244335213075869
"58369" 0.241362936359662 0.0785435009136918 0.317614974327608 0.0420845352761897 0.0131082855475515 0.420152960993863 0.642911986822332 0.614264448074428 0.665792867258406 0.563200006910405 0.239120107001277 0.657647547359985 -0.275885502937969 0.46192565518107 0.590659231699901 0.734927062352838 0.339412521785074 0.270462317186325 0.805195623162554 0.288000552426955 0.363215622179643 0.426013700046186 0.757247698162719 0.708514497063646 0.633894280034646 0.728539351087941 0.764895962555184 0.354484466790117 0.610745037846065 0 0.686964360516605 0.352823813926178 0.401408396590369 0.785466908764235 0.652362735070138 0.0532898575541308 0.13382799874012 0.404265601594205 0.756987525743479 0.464930118187268 0.655474280519997 0.402618723801766 0.515446818266276 0.796162574811074 0.432286473356655 0.405314138854946
"58487" 0.55570873858449 0.006114491889833 0.359271124332655 0.0731546547342284 -0.0976312611869868 0.70736312599384 0.585789913226339 0.665772773567757 0.575766895823008 0.764204605365274 0.47701130291516 0.701550668521422 0.0989048864642907 0.376133172400232 0.649006779252465 0.842798668185227 0.355393515371975 0.448784944330611 0.824455673996947 0.631402856312703 0.134086889582485 0.758592423406743 0.595916558829263 0.520329700490961 0.528800089629642 0.592398267887922 0.569047914514001 0.196452169529882 0.871402723190398 0.686964360516605 0 0.154373498109198 0.170385707786797 0.742617907970128 0.539881946894605 -0.0179986542763762 -0.0283539141572059 0.52954745424479 0.82626404306942 0.236438943784538 0.538298525267396 0.358729666814604 0.598437188347463 0.854606250498069 0.290484037745935 0.236363527471785
"58991" -0.298340702038494 -0.0321218333085867 0.0679311287722517 0.220058465866739 0.202840120962269 0.121936357508833 0.396906636340394 0.328480745914359 0.392585977635499 0.0689442924221246 0.188785646974538 0.25818802840444 -0.198933360327074 0.758824529535417 0.322799336797962 0.136597541478313 0.456856185889377 0.101049839995318 0.371393339008872 -0.261175349864624 0.27017068060475 -0.155195683423559 0.501700742575877 0.524080767827898 0.342722795094893 0.495353693357677 0.52126618902592 0.607770037811877 0.18779050635445 0.352823813926178 0.154373498109198 0 0.815798852010232 0.472733659532825 0.498503135677855 0.312593177964862 0.433732626411769 -0.0937556026556825 0.351308226632486 0.261101188590892 0.456408965466132 0.0665127960333122 0.353467278805752 0.301415766037939 0.71221928239561 0.738422776324445
"60319" -0.35920887174364 -0.0305824046290671 0.0819589309758754 0.256495677624305 0.23962847228046 0.139637191748713 0.458929419579588 0.378538157562419 0.443221481414632 0.0739320219239613 0.210641607204383 0.29439338713887 -0.224499754629804 0.872009419511456 0.372447400685095 0.146292503279935 0.519586844832891 0.107061093658471 0.424739952945706 -0.315768749981591 0.315235864830165 -0.190667743717831 0.579623649607049 0.605749844204725 0.395910777819691 0.572118647149897 0.602422526112945 0.697972267494831 0.20973934205666 0.401408396590369 0.170385707786797 0.815798852010232 0 0.542463099664966 0.576748226209031 0.35929284832182 0.496571779473879 -0.11605963395153 0.403279089642869 0.304396986896361 0.526753116593849 0.0737209167035882 0.403002499814778 0.338793816536701 0.816567752909933 0.848823707334882
"60571" 0.0292208743053373 0.0692005612262177 0.370236413850566 0.0723220287265003 0.0312459832933023 0.564807759801804 0.776172674941586 0.753108699361043 0.755750805986802 0.53979313064586 0.164552750925931 0.703560548050464 -0.177120605459039 0.527067876055828 0.739396245603335 0.641985823126726 0.326635957749976 0.106859431884445 0.887144256079222 0.100065946880095 0.482541941312427 0.294344740882998 0.889692356560995 0.876667960619201 0.695362780774348 0.891620034400121 0.894346477757778 0.406469320092305 0.725544489708601 0.785466908764235 0.742617907970128 0.472733659532825 0.542463099664966 0 0.85416727827286 0.0934064503119429 0.12454304291204 0.34509806355803 0.867203070124862 0.550901487375279 0.817811123124894 0.409347106203851 0.746037201617009 0.825017277560444 0.486058910234346 0.498345086304446
"60621" -0.191890305112308 0.0631474053703589 0.317724713078802 0.0710147378123888 0.0566910866095253 0.497717768574119 0.722154691710336 0.689043984418222 0.681578779555386 0.371001583510701 0.0308881348042277 0.583305612729777 -0.144128980089273 0.479731471108009 0.683485998986895 0.423213434873888 0.247525038484612 -0.0676736328570095 0.758447061661794 -0.121730498315407 0.514411174065634 0.0762505443163589 0.831475893412239 0.847410843303644 0.618996120507702 0.851757852037294 0.841080106215129 0.391473213204367 0.605869490144421 0.652362735070138 0.539881946894605 0.498503135677855 0.576748226209031 0.85416727827286 0 0.108062649436373 0.124589654287703 0.207406499684317 0.75430700862012 0.545326343476602 0.774830997152629 0.339870311045061 0.741233766262891 0.667625963391351 0.450497730495597 0.496436254818239
"62020" -0.0698843601175674 -0.134333428283603 0.0698544872027017 0.0505305740285707 0.023262010046637 -0.0279480312748188 0.0701646666026617 0.0406093326802028 0.0657244769734279 0.153686703024919 0.219426538069865 0.00757089808648871 -0.116701291239181 0.349551290475645 0.0383756202963373 -0.0262287035971756 0.218610784077902 0.0742369452031723 0.0462367928407225 -0.0334691293439231 0.115369206972248 -0.119019480821538 0.128890769651537 0.109538856055213 0.251808907674594 0.0885725299798168 0.110973188374838 0.270638605016542 -0.0168323731332529 0.0532898575541308 -0.0179986542763762 0.312593177964862 0.35929284832182 0.0934064503119429 0.108062649436373 0 0.323871808692335 -0.01408963060147 0.0406713012680221 0.1304208726488 0.0923720274155505 0.272887829802936 0.0421740712374799 0.0234192296694048 0.322731496073412 0.331329832557499
"62765" -0.156101119176151 -0.181701410349092 -0.168991497374202 0.0374312056831186 0.0235105652009948 -0.117273750985604 0.0979630662827309 0.0350243763104336 0.124959580092998 -0.0484865212792063 0.171909490080035 0.0355088407856298 -0.30514037814821 0.504054995266795 0.020800309485808 0.0546198390466696 0.332881724952895 0.17671111668597 0.0905903242965825 -0.130156772479457 0.454251099281829 -0.117204808228255 0.169775766753059 0.161621705139877 0.0884218792707024 0.127181184909254 0.187438658863087 0.401430564080055 -0.0665574410515948 0.13382799874012 -0.0283539141572059 0.433732626411769 0.496571779473879 0.12454304291204 0.124589654287703 0.323871808692335 0 0.361193686395585 0.0571677973608023 0.538297941899866 0.128181654714589 0.413267004616155 -0.0250250376181917 0.0795303070959657 0.47733954897539 0.476329299376296
"63049" 0.43089680885245 -0.10200645288288 0.0905608069397243 -0.159194373549459 -0.239788496039677 0.319992167047721 0.275093150049961 0.312276749608207 0.295708452285189 0.457858298017852 0.214636091848445 0.38462183787393 -0.124546689691916 0.0249217435676939 0.293644408188393 0.565259256393803 0.0976244050601961 0.281025005854311 0.451862710008731 0.476442340516804 0.450119937935167 0.515498581874368 0.287691467378547 0.223042704995113 0.266003149112368 0.251204003443531 0.27309794270195 -0.0303148867225938 0.443040887375274 0.404265601594205 0.52954745424479 -0.0937556026556825 -0.11605963395153 0.34509806355803 0.207406499684317 -0.01408963060147 0.361193686395585 0 0.43583029093747 0.629986331380701 0.233310624717605 0.704978414985821 0.204592080119812 0.512425669232988 0.00288956621485641 -0.0464211883264712
"63098" 0.248061150056379 0.0389647026800416 0.37740759905971 0.0765344312269019 -0.026560712951161 0.664675269309104 0.730350638729335 0.752613628635307 0.702026114188575 0.651295164574655 0.3034506294742 0.725155564450007 -0.0454078734182016 0.479357632714342 0.733054702031839 0.74191456750743 0.346739325796046 0.247884498698106 0.892782478942457 0.323666510783252 0.348665273826206 0.508236928320395 0.791218866225085 0.750798041697814 0.647965270575786 0.794073516800683 0.784939923854323 0.326500091384733 0.819746379850291 0.756987525743479 0.82626404306942 0.351308226632486 0.403279089642869 0.867203070124862 0.75430700862012 0.0406713012680221 0.0571677973608023 0.43583029093747 0 0.433303647973177 0.720220588375344 0.399128009949728 0.72194823689235 0.863816643267159 0.417956955977873 0.401589311939128
"63620" -0.224474171095122 -0.0407133964572103 0.0768330685107159 -0.169287680636142 -0.0933104845067992 0.120895625065221 0.461439849375317 0.376230135009243 0.470172851257277 0.149035748117005 -0.172108709968838 0.340990358917654 -0.441337756749045 0.175127533501882 0.363264750702136 0.274372946528908 0.0402431695999083 -0.148864330323406 0.472299924121157 -0.185980049359645 0.851532081711394 -0.0737886606607546 0.594381554017837 0.595198251515131 0.423668030567382 0.563993268546521 0.612647674734438 0.204884826611106 0.229014760966568 0.464930118187268 0.236438943784538 0.261101188590892 0.304396986896361 0.550901487375279 0.545326343476602 0.1304208726488 0.538297941899866 0.629986331380701 0.433303647973177 0 0.519068827766208 0.74087773103498 0.346646944588107 0.411044958379897 0.204978534418443 0.239659043731522
"63884" -0.0968269339226259 0.0933381017036015 0.32997772884235 0.07688821692509 0.0746560677442289 0.438095311731748 0.679601790734239 0.640870593561693 0.659211244608834 0.391160760797428 0.0600471511959587 0.578610363252369 -0.184805708184753 0.459876898420586 0.631149598629489 0.474129660398034 0.256646219340925 0.00144218906591776 0.740672008316814 -0.0419059446066543 0.473603180275285 0.143370923701219 0.799305127206486 0.797392221703742 0.610916823474785 0.80247432913697 0.804651609971418 0.37791924428699 0.584004683442492 0.655474280519997 0.538298525267396 0.456408965466132 0.526753116593849 0.817811123124894 0.774830997152629 0.0923720274155505 0.128181654714589 0.233310624717605 0.720220588375344 0.519068827766208 0 0.341455988783323 0.653661489804799 0.665827645041332 0.436861313703331 0.465004147808153
"65025" 0.240639803144505 -0.0437155780263685 0.325459441146142 -0.140262869682394 -0.139983632471492 0.202162088229623 0.334896091700813 0.315448358597477 0.351152396824115 0.558493738204197 0.0219017232169367 0.33806298913592 -0.253563807291218 0.0842004144633094 0.298837573947057 0.398488324495876 0.0628369103509981 0.0700308539501583 0.425064621430661 0.285112274896656 0.596662300341105 0.219855747054384 0.400597363570351 0.368629664423104 0.595557782941112 0.374094644044937 0.405497154057331 0.0723976067599924 0.310007023444412 0.402618723801766 0.358729666814604 0.0665127960333122 0.0737209167035882 0.409347106203851 0.339870311045061 0.272887829802936 0.413267004616155 0.704978414985821 0.399128009949728 0.74087773103498 0.341455988783323 0 0.247879104496478 0.423722768019312 0.0870971202108481 0.0775297880141155
"66195" -0.0630434992825788 0.10646652686579 0.399346937523274 0.16635424263438 0.0797236721668637 0.665229717822954 0.636014959169124 0.678593416301871 0.560097571405027 0.422847390449324 0.1180258267662 0.549311825784705 0.219660412136508 0.369184516644202 0.68985748369978 0.366196212288638 0.196423896431938 -0.0487758513804535 0.68390209816217 0.013635363210957 0.346079799426801 0.202967254761557 0.662507961637513 0.684689607910048 0.505489163555117 0.722215505388596 0.6510455447031 0.250468632683056 0.726960889685011 0.515446818266276 0.598437188347463 0.353467278805752 0.403002499814778 0.746037201617009 0.741233766262891 0.0421740712374799 -0.0250250376181917 0.204592080119812 0.72194823689235 0.346646944588107 0.653661489804799 0.247879104496478 0 0.603137179638701 0.30436267861322 0.347348306007612
"67706" 0.407097648972326 0.0549271610409564 0.365912497093481 0.0580298796669419 -0.0357068376558909 0.584786649757094 0.681341251838884 0.695875868576388 0.693909833464062 0.707090578794271 0.368763078411605 0.74367739779151 -0.143445010036257 0.469583777211177 0.674000227192571 0.856475567950278 0.381061575852964 0.386266806193009 0.892746666420713 0.46598601747565 0.297400500994472 0.625673800981346 0.762033758578865 0.693560181226298 0.64824760388893 0.73961404792696 0.754120004943979 0.332201035335438 0.782721298456836 0.796162574811074 0.854606250498069 0.301415766037939 0.338793816536701 0.825017277560444 0.667625963391351 0.0234192296694048 0.0795303070959657 0.512425669232988 0.863816643267159 0.411044958379897 0.665827645041332 0.423722768019312 0.603137179638701 0 0.419823380260467 0.377554084926539
"68091" -0.0707235963630728 -0.0350116878569732 0.0918369174668542 0.261440591488144 0.203382873638479 0.160611053028605 0.401466519641329 0.348084846623531 0.41119994049536 0.214757905546291 0.377935314460585 0.338023312660453 -0.202903949115288 0.864081964407143 0.334485153145095 0.328958824516657 0.583864375180894 0.324691265494707 0.447065397536926 -0.0353094534019493 0.180917241003952 0.0572934829153422 0.50677106425424 0.490028258677544 0.374442146848222 0.476268380352516 0.51672705029887 0.657930424804796 0.266462700288663 0.432286473356655 0.290484037745935 0.71221928239561 0.816567752909933 0.486058910234346 0.450497730495597 0.322731496073412 0.47733954897539 0.00288956621485641 0.417956955977873 0.204978534418443 0.436861313703331 0.0870971202108481 0.30436267861322 0.419823380260467 0 0.859122363246527
"69186" -0.196699741331084 -0.046799717198467 0.0767122471111256 0.246532904124164 0.201779147984704 0.158319326733106 0.416539046385249 0.356268398063745 0.412537333684451 0.15077849757692 0.298482322916084 0.309759384549151 -0.190568245590841 0.843901259289237 0.346776453226975 0.236583870246128 0.541561835159136 0.219983356388015 0.426620948383997 -0.154586543590335 0.241276260972483 -0.0493124914477172 0.525617384737334 0.525847211263687 0.368993486292038 0.504629729731664 0.536056679021192 0.656212992155255 0.244335213075869 0.405314138854946 0.236363527471785 0.738422776324445 0.848823707334882 0.498345086304446 0.496436254818239 0.331329832557499 0.476329299376296 -0.0464211883264712 0.401589311939128 0.239659043731522 0.465004147808153 0.0775297880141155 0.347348306007612 0.377554084926539 0.859122363246527 0
