"3141" "3174" "4310" "4598" "8508" "11811" "19258" "21476" "50077" "50487" "51739" "52031" "52801" "52915" "55901" "56365" "57396" "57511" "58455" "60194" "60464" "60573" "60912" "61227" "61281" "63699" "63802" "64961" "65051" "71738"
"3141" 0 0.428229564578578 0.871680754142832 0.224937191760143 0.255931867088244 0.453563125293605 0.750823263081508 0.486503125446839 -0.119279320945561 0.146071469854299 0.17910719246804 -0.00979844844843847 0.66025798366281 0.0565796755735687 0.595508127519212 0.393437539486159 0.518664429894837 0.184504113060333 -0.109809840641705 0.0648793316436589 0.250961037890508 0.345196036751503 0.370551684205532 0.34661059072032 0.54578156568368 0.760579268754868 0.542958180166467 0.0633397957188431 0.104597698892031 0.0493139521835546
"3174" 0.428229564578578 0 0.702160716760417 0.169931326866736 0.723390750479685 0.552355050299246 0.234104607538896 -0.0289020861402018 0.467003959760827 0.809910894176728 0.805810276784193 0.636711126766531 0.798967043317894 0.73509502192644 0.791872137981943 0.664425726651894 0.785402726810941 0.833797521002958 0.454277741925402 0.782934577438005 0.682877764424538 0.747960605295889 0.876500068949789 0.461459955209272 0.866882705872304 0.816824882141698 0.815499948470048 0.474885935652515 0.279720373910885 0.748928429359074
"4310" 0.871680754142832 0.702160716760417 0 0.238194211385603 0.527544270862374 0.580653806298502 0.59574619707123 0.311824407851878 0.155247825575453 0.48065899761218 0.531838242411523 0.326962822655688 0.824227116089857 0.412435349581098 0.784385620591219 0.607773051508625 0.743241132175146 0.536889077363981 0.16400608888374 0.429908959677141 0.52316592739029 0.568493797428369 0.678037132999537 0.414908185666409 0.78799065290074 0.912224088213716 0.764319729456868 0.272233092451678 0.153157173863777 0.414181491212308
"4598" 0.224937191760143 0.169931326866736 0.238194211385603 0 0.368056032680468 0.761637671321661 0.310947371087211 0.842025706076128 -0.151175974213678 0.139071528767856 0.0342557532323518 0.383167086445282 0.198994830671459 0.171982980809736 0.1721324964192 0.539231883389089 0.135313886429676 0.0876958315611284 -0.16838216681589 0.00732310966339881 0.0120461963676673 0.21411859738678 0.101866138155541 0.274167252276478 0.143944213937133 0.206070567374471 0.407419777894402 -0.0806541785771128 0.217345383245701 -0.0432419044085422
"8508" 0.255931867088244 0.723390750479685 0.527544270862374 0.368056032680468 0 0.781113176939215 0.0714789611765096 0.0396688851913728 0.461983573625037 0.734505952279369 0.759615790426308 0.680676400822216 0.637781778383507 0.728274422539965 0.652321352908651 0.907775156487769 0.670017998662536 0.774501168617848 0.461845488729938 0.740240658252045 0.629376895014605 0.623458589565097 0.771008987078805 0.333250983717543 0.73259654175004 0.651336567591167 0.712296669500167 0.427414540353041 0.186664558500926 0.721761795705995
"11811" 0.453563125293605 0.552355050299246 0.580653806298502 0.761637671321661 0.781113176939215 0 0.409359950716464 0.583157847894367 0.122369392890261 0.499771550188711 0.423883512259491 0.507675792789721 0.597794033797646 0.44743689904207 0.567318403902297 0.854051932075624 0.524042864947298 0.476778002819484 0.0991209735346081 0.393267029067169 0.360440410787287 0.559981876784967 0.539643564457291 0.466721179222276 0.578074249907955 0.613122634123183 0.702737323739755 0.198042461789903 0.320537533947625 0.335458171603037
"19258" 0.750823263081508 0.234104607538896 0.59574619707123 0.310947371087211 0.0714789611765096 0.409359950716464 0 0.635300311085563 -0.303066970707751 0.0798087343203244 -0.162805588698 -0.292523313841531 0.566753197979514 -0.24369609894381 0.454802477569253 0.117918770864581 0.273763454478428 -0.0504786803670151 -0.390822960283156 -0.147056969213321 -0.092751435945553 0.490664999495344 0.194025832801633 0.714045244518295 0.350501497777022 0.55030248598233 0.422420363450542 -0.0264599269346541 0.599839813467387 -0.281520562304261
"21476" 0.486503125446839 -0.0289020861402018 0.311824407851878 0.842025706076128 0.0396688851913728 0.583157847894367 0.635300311085563 0 -0.444015742709885 -0.168288980422731 -0.317036895722867 -0.055376768317201 0.167476268683671 -0.232066033657601 0.0976014738840764 0.252298680525902 -0.0043526288200508 -0.250894924840228 -0.476284227706209 -0.356200865947201 -0.241420092072918 0.090689688263744 -0.134420589144913 0.328466508244101 -0.00144556582976486 0.188108084779728 0.251444936228411 -0.258638344638367 0.261669122625194 -0.425185775555116
"50077" -0.119279320945561 0.467003959760827 0.155247825575453 -0.151175974213678 0.461983573625037 0.122369392890261 -0.303066970707751 -0.444015742709885 0 0.560851784155491 0.649881841236052 0.53512473765783 0.294360127074386 0.615790029258389 0.341794031138862 0.351097561597835 0.414087518132581 0.626623479769802 0.672475105742341 0.651833726927346 0.518748315433369 0.338780422680943 0.546339218817552 0.0321431811267955 0.446336064606513 0.295278690425314 0.343265465738982 0.561475986878101 -0.0228577186672867 0.677677098715361
"50487" 0.146071469854299 0.809910894176728 0.48065899761218 0.139071528767856 0.734505952279369 0.499771550188711 0.0798087343203244 -0.168288980422731 0.560851784155491 0 0.833713376524034 0.697587706121773 0.721571435661742 0.788003525146991 0.724667844770367 0.601919040562673 0.717776440506134 0.885597408463045 0.518303402121796 0.871866798704925 0.659095439124217 0.822569755468591 0.893409022616619 0.531725434556237 0.823209972846311 0.686479074507236 0.772192893180925 0.53013007423907 0.421889661900565 0.805838648201397
"51739" 0.17910719246804 0.805810276784193 0.531838242411523 0.0342557532323518 0.759615790426308 0.423883512259491 -0.162805588698 -0.317036895722867 0.649881841236052 0.833713376524034 0 0.833936950426446 0.630599028582638 0.918587878116859 0.677905835393206 0.695714273701775 0.760198559386964 0.940289221668219 0.685014303016694 0.924087712148793 0.815667059578704 0.576575214539738 0.881936362865538 0.149903683926659 0.806675917810418 0.673718040481963 0.711451996188316 0.530097664734254 -0.0178371982181738 0.958612668153694
"52031" -0.00979844844843847 0.636711126766531 0.326962822655688 0.383167086445282 0.680676400822216 0.507675792789721 -0.292523313841531 -0.055376768317201 0.53512473765783 0.697587706121773 0.833936950426446 0 0.400313896822281 0.891386319743402 0.461425592485189 0.701535085511735 0.567179837292729 0.803526256262071 0.582804631380696 0.77911085031581 0.671912838962812 0.398982666539644 0.67499116427631 0.0199820575317437 0.581751814753963 0.440695867545106 0.624612958669354 0.384876351358959 -0.0995743785394856 0.823773548067094
"52801" 0.66025798366281 0.798967043317894 0.824227116089857 0.198994830671459 0.637781778383507 0.597794033797646 0.566753197979514 0.167476268683671 0.294360127074386 0.721571435661742 0.630599028582638 0.400313896822281 0 0.522204480179248 0.86553552996967 0.592389265364861 0.784423912339779 0.697889188345465 0.248985400979233 0.624108823478324 0.55388362251221 0.840976145999901 0.837189209308752 0.677822564498783 0.883514659700316 0.919130909719958 0.851254752741128 0.41018969445473 0.476810824264424 0.538087317589749
"52915" 0.0565796755735687 0.73509502192644 0.412435349581098 0.171982980809736 0.728274422539965 0.44743689904207 -0.24369609894381 -0.232066033657601 0.615790029258389 0.788003525146991 0.918587878116859 0.891386319743402 0.522204480179248 0 0.576597203380564 0.688020236936305 0.669725758142828 0.889684588686491 0.653911129529672 0.877694471131981 0.751291060958576 0.509888878084413 0.795431021996214 0.102314463769997 0.703484673109223 0.55605440329993 0.664490495626727 0.476555953434057 -0.0359071482726342 0.912946940158953
"55901" 0.595508127519212 0.791872137981943 0.784385620591219 0.1721324964192 0.652321352908651 0.567318403902297 0.454802477569253 0.0976014738840764 0.341794031138862 0.724667844770367 0.677905835393206 0.461425592485189 0.86553552996967 0.576597203380564 0 0.60731956429807 0.777420945917706 0.726030507639273 0.312755423388997 0.658116625461969 0.59183458530605 0.784801417417434 0.837127308094777 0.58253092005748 0.865617207905836 0.879755757572059 0.822125033156616 0.422415719103552 0.382376320341556 0.596515646410255
"56365" 0.393437539486159 0.664425726651894 0.607773051508625 0.539231883389089 0.907775156487769 0.854051932075624 0.117918770864581 0.252298680525902 0.351097561597835 0.601919040562673 0.695714273701775 0.701535085511735 0.592389265364861 0.688020236936305 0.60731956429807 0 0.645453583492013 0.681355500994396 0.382446684415675 0.617154473826861 0.60080696450752 0.476432316998048 0.672514875783146 0.203021486278245 0.675316930598976 0.655972389954179 0.705602014328811 0.320843129613464 0.0172389399896654 0.633523757840725
"57396" 0.518664429894837 0.785402726810941 0.743241132175146 0.135313886429676 0.670017998662536 0.524042864947298 0.273763454478428 -0.0043526288200508 0.414087518132581 0.717776440506134 0.760198559386964 0.567179837292729 0.784423912339779 0.669725758142828 0.777420945917706 0.645453583492013 0 0.770928059165536 0.415963138401185 0.711018646424384 0.663028597765511 0.673639903461972 0.827992586747273 0.399464158000257 0.839275941554958 0.829602817757812 0.779713251166066 0.434094749719023 0.19644999702611 0.693134336745011
"57511" 0.184504113060333 0.833797521002958 0.536889077363981 0.0876958315611284 0.774501168617848 0.476778002819484 -0.0504786803670151 -0.250894924840228 0.626623479769802 0.885597408463045 0.940289221668219 0.803526256262071 0.697889188345465 0.889684588686491 0.726030507639273 0.681355500994396 0.770928059165536 0 0.630140365929621 0.927810040262475 0.772440958937149 0.705557868022625 0.915296106126216 0.323086596793185 0.839524360119758 0.708191636277267 0.769763713042989 0.548817726687303 0.171119248959098 0.919706506274924
"58455" -0.109809840641705 0.454277741925402 0.16400608888374 -0.16838216681589 0.461845488729938 0.0991209735346081 -0.390822960283156 -0.476284227706209 0.672475105742341 0.518303402121796 0.685014303016694 0.582804631380696 0.248985400979233 0.653911129529672 0.312755423388997 0.382446684415675 0.415963138401185 0.630140365929621 0 0.65454685591471 0.561442160809656 0.23729900067133 0.524926958885044 -0.111964597438347 0.426629467779858 0.278323284557415 0.313247058363203 0.858792433851636 -0.185081515586066 0.716353197321098
"60194" 0.0648793316436589 0.782934577438005 0.429908959677141 0.00732310966339881 0.740240658252045 0.393267029067169 -0.147056969213321 -0.356200865947201 0.651833726927346 0.871866798704925 0.924087712148793 0.77911085031581 0.624108823478324 0.877694471131981 0.658116625461969 0.617154473826861 0.711018646424384 0.927810040262475 0.65454685591471 0 0.747937091397342 0.667129605984446 0.877890229688637 0.280974123966011 0.779412224243107 0.618515696540236 0.689730188760619 0.549449018212194 0.159461209895327 0.922025375698134
"60464" 0.250961037890508 0.682877764424538 0.52316592739029 0.0120461963676673 0.629376895014605 0.360440410787287 -0.092751435945553 -0.241420092072918 0.518748315433369 0.659095439124217 0.815667059578704 0.671912838962812 0.55388362251221 0.751291060958576 0.59183458530605 0.60080696450752 0.663028597765511 0.772440958937149 0.561442160809656 0.747937091397342 0 0.449718730209336 0.736326293058288 0.0880950229669343 0.693386182906257 0.611922161977072 0.603830894085015 0.428585930803151 -0.0803608488529111 0.790806291263914
"60573" 0.345196036751503 0.747960605295889 0.568493797428369 0.21411859738678 0.623458589565097 0.559981876784967 0.490664999495344 0.090689688263744 0.338780422680943 0.822569755468591 0.576575214539738 0.398982666539644 0.840976145999901 0.509888878084413 0.784801417417434 0.476432316998048 0.673639903461972 0.705557868022625 0.23729900067133 0.667129605984446 0.449718730209336 0 0.827903820774174 0.867814033409484 0.808270617645552 0.758861562454729 0.804759846142203 0.451590726682381 0.766765710411497 0.516833521389151
"60912" 0.370551684205532 0.876500068949789 0.678037132999537 0.101866138155541 0.771008987078805 0.539643564457291 0.194025832801633 -0.134420589144913 0.546339218817552 0.893409022616619 0.881936362865538 0.67499116427631 0.837189209308752 0.795431021996214 0.837127308094777 0.672514875783146 0.827992586747273 0.915296106126216 0.524926958885044 0.877890229688637 0.736326293058288 0.827903820774174 0 0.509611609062282 0.919250694212972 0.837102486908201 0.846813415241863 0.541841909224193 0.334649696551838 0.832438446550551
"61227" 0.34661059072032 0.461459955209272 0.414908185666409 0.274167252276478 0.333250983717543 0.466721179222276 0.714045244518295 0.328466508244101 0.0321431811267955 0.531725434556237 0.149903683926659 0.0199820575317437 0.677822564498783 0.102314463769997 0.58253092005748 0.203021486278245 0.399464158000257 0.323086596793185 -0.111964597438347 0.280974123966011 0.0880950229669343 0.867814033409484 0.509611609062282 0 0.538708330641963 0.560265116883983 0.593564324880216 0.24058054280334 0.942824676251098 0.0791309973343693
"61281" 0.54578156568368 0.866882705872304 0.78799065290074 0.143944213937133 0.73259654175004 0.578074249907955 0.350501497777022 -0.00144556582976486 0.446336064606513 0.823209972846311 0.806675917810418 0.581751814753963 0.883514659700316 0.703484673109223 0.865617207905836 0.675316930598976 0.839275941554958 0.839524360119758 0.426629467779858 0.779412224243107 0.693386182906257 0.808270617645552 0.919250694212972 0.538708330641963 0 0.907994290700286 0.86416709454971 0.487341704508687 0.33500506279637 0.732680896664189
"63699" 0.760579268754868 0.816824882141698 0.912224088213716 0.206070567374471 0.651336567591167 0.613122634123183 0.55030248598233 0.188108084779728 0.295278690425314 0.686479074507236 0.673718040481963 0.440695867545106 0.919130909719958 0.55605440329993 0.879755757572059 0.655972389954179 0.829602817757812 0.708191636277267 0.278323284557415 0.618515696540236 0.611922161977072 0.758861562454729 0.837102486908201 0.560265116883983 0.907994290700286 0 0.863914584981215 0.395727094142942 0.318629159107828 0.571474136940144
"63802" 0.542958180166467 0.815499948470048 0.764319729456868 0.407419777894402 0.712296669500167 0.702737323739755 0.422420363450542 0.251444936228411 0.343265465738982 0.772192893180925 0.711451996188316 0.624612958669354 0.851254752741128 0.664490495626727 0.822125033156616 0.705602014328811 0.779713251166066 0.769763713042989 0.313247058363203 0.689730188760619 0.603830894085015 0.804759846142203 0.846813415241863 0.593564324880216 0.86416709454971 0.863914584981215 0 0.408677909498778 0.398957155515129 0.624019957309008
"64961" 0.0633397957188431 0.474885935652515 0.272233092451678 -0.0806541785771128 0.427414540353041 0.198042461789903 -0.0264599269346541 -0.258638344638367 0.561475986878101 0.53013007423907 0.530097664734254 0.384876351358959 0.41018969445473 0.476555953434057 0.422415719103552 0.320843129613464 0.434094749719023 0.548817726687303 0.858792433851636 0.549449018212194 0.428585930803151 0.451590726682381 0.541841909224193 0.24058054280334 0.487341704508687 0.395727094142942 0.408677909498778 0 0.17260522807717 0.528893334622904
"65051" 0.104597698892031 0.279720373910885 0.153157173863777 0.217345383245701 0.186664558500926 0.320537533947625 0.599839813467387 0.261669122625194 -0.0228577186672867 0.421889661900565 -0.0178371982181738 -0.0995743785394856 0.476810824264424 -0.0359071482726342 0.382376320341556 0.0172389399896654 0.19644999702611 0.171119248959098 -0.185081515586066 0.159461209895327 -0.0803608488529111 0.766765710411497 0.334649696551838 0.942824676251098 0.33500506279637 0.318629159107828 0.398957155515129 0.17260522807717 0 -0.0588505077280455
"71738" 0.0493139521835546 0.748928429359074 0.414181491212308 -0.0432419044085422 0.721761795705995 0.335458171603037 -0.281520562304261 -0.425185775555116 0.677677098715361 0.805838648201397 0.958612668153694 0.823773548067094 0.538087317589749 0.912946940158953 0.596515646410255 0.633523757840725 0.693134336745011 0.919706506274924 0.716353197321098 0.922025375698134 0.790806291263914 0.516833521389151 0.832438446550551 0.0791309973343693 0.732680896664189 0.571474136940144 0.624019957309008 0.528893334622904 -0.0588505077280455 0
