"79" "518" "1795" "2088" "2645" "3067" "3150" "3606" "4261" "4929" "4930" "14553" "33397" "48228" "48612" "50259" "50341" "54415" "55838" "56741" "57737" "66307" "66372" "66833" "66859"
"79" 0 0.490597867176155 0.127409408256713 -0.0785218805369564 0.124413851388445 0.709292289972114 0.368842971938033 -0.297030485843614 0.250698323536233 -0.101980791508557 -0.0566686559181241 -0.0921339769933028 -0.163720476933214 0.11414211818288 0.0229696125963297 -0.097030337046747 0.276299825835143 0.510778631519612 -0.406073058556494 -0.327444162169414 -0.143636264631756 0.201074465912744 0.20499163275214 0.0675711939661914 0.0608960258398023
"518" 0.490597867176155 0 -0.196149370739109 -0.245952534729837 -0.185169128898912 0.409179506417243 0.0549445062257714 -0.0816368407746275 -0.0513982009596694 -0.255486851842096 -0.235165400662328 0.0662409144284874 0.0375285899953381 0.173320902222066 -0.271956886405539 -0.280778922917724 -0.0124171770540327 0.214077748596885 -0.0247827832914633 -0.0919738991056237 -0.316453879859787 0.0324069303444636 -0.0729974004976856 -0.178759159169637 -0.0411290157885374
"1795" 0.127409408256713 -0.196149370739109 0 0.671034904457595 0.636979325498756 0.0204668488070415 -0.0617192203181576 0.457346887488355 0.595350920768956 0.637751369304874 0.646708993044585 0.35896408280987 0.432671347507854 0.162026103954119 0.864334499849047 0.716218784595194 0.623782860855854 0.484340425569005 0.19031290910351 0.489656417477154 0.744188795896978 0.224389531037538 0.646741317641104 0.741948831174921 0.323385569873343
"2088" -0.0785218805369564 -0.245952534729837 0.671034904457595 0 0.455970015358193 -0.0694069732377058 -0.125428070174442 0.506174439992418 0.600688911295509 0.717867793409754 0.766861495764074 0.370741056630848 0.463749636690102 0.130791282611639 0.673666805955177 0.754266681042327 0.630161747400052 0.479126342670868 0.246319095349207 0.551750862909795 0.808324218032302 0.199749413698398 0.657579751199753 0.779396037824576 0.338718730740221
"2645" 0.124413851388445 -0.185169128898912 0.636979325498756 0.455970015358193 0 0.115708989260578 0.203573031889416 0.307473488889697 0.469601869406611 0.440516781617591 0.459715257531103 0.308332135565593 0.342563102262849 0.21270686470321 0.645351186776108 0.50576776250614 0.457427359859484 0.297076469856067 0.0977579514015972 0.326991228896037 0.518207778158894 0.226815009068918 0.486205102015928 0.524286897439562 0.209802828967156
"3067" 0.709292289972114 0.409179506417243 0.0204668488070415 -0.0694069732377058 0.115708989260578 0 0.45216927717692 -0.255827016733572 0.297329897451924 -0.0892149056822197 -0.000532549875925036 0.067496643211704 -0.0557851402503725 0.343050621817683 -0.0455321513439979 -0.0436294452069147 0.323739890231224 0.404294785017423 -0.419348485358631 -0.301484980378754 -0.107665148715303 0.341485590267215 0.293589690217545 0.0978808582391581 0.0642654736642159
"3150" 0.368842971938033 0.0549445062257714 -0.0617192203181576 -0.125428070174442 0.203573031889416 0.45216927717692 0 -0.195652329879618 0.165396166329275 -0.12442676545036 -0.0658140164989084 0.0111124805336565 -0.0931101575206224 0.184731552992278 -0.0582551176412622 -0.099651794597485 0.0531036685797093 0.0395557327544757 -0.252616025815903 -0.221191020022705 -0.138161386300057 0.170550462402723 0.0502120673821715 -0.0615505206287838 -0.0773308690736726
"3606" -0.297030485843614 -0.0816368407746275 0.457346887488355 0.506174439992418 0.307473488889697 -0.255827016733572 -0.195652329879618 0 0.331067400905317 0.496642307152492 0.475243480456149 0.70420683838988 0.821504539999575 0.374064740649564 0.490569751314794 0.542780787123733 0.34367579062412 0.176545848080542 0.582364355403554 0.888761122253272 0.59032416332894 0.0826426965948644 0.386289122419044 0.507491394315779 0.0714305263743321
"4261" 0.250698323536233 -0.0513982009596694 0.595350920768956 0.600688911295509 0.469601869406611 0.297329897451924 0.165396166329275 0.331067400905317 0 0.570202012853208 0.591879607811137 0.342549155132378 0.373090303898318 0.243340694570725 0.575735440555854 0.645634828400149 0.920808549062899 0.60129575913602 0.034172750604931 0.353615297996801 0.656055488395936 0.313753991399918 0.697501240754317 0.729160516978968 0.319835265465464
"4929" -0.101980791508557 -0.255486851842096 0.637751369304874 0.717867793409754 0.440516781617591 -0.0892149056822197 -0.12442676545036 0.496642307152492 0.570202012853208 0 0.79523690300236 0.36085728531183 0.451885072768321 0.123959178924321 0.65184905127883 0.728657174430943 0.596293973398292 0.441260259388104 0.250090945022516 0.541374824794022 0.786615374689227 0.18656334544972 0.625510156029229 0.74676506930332 0.322708673670076
"4930" -0.0566686559181241 -0.235165400662328 0.646708993044585 0.766861495764074 0.459715257531103 -0.000532549875925036 -0.0658140164989084 0.475243480456149 0.591879607811137 0.79523690300236 0 0.385645405678902 0.457105884969374 0.184884071438816 0.646467107769566 0.72175884948861 0.618146893448357 0.445414238876261 0.211588152100645 0.513346234678502 0.754519638452628 0.232164212295242 0.649054169076647 0.746320833021483 0.321872809042629
"14553" -0.0921339769933028 0.0662409144284874 0.35896408280987 0.370741056630848 0.308332135565593 0.067496643211704 0.0111124805336565 0.70420683838988 0.342549155132378 0.36085728531183 0.385645405678902 0 0.800086540097387 0.56534233925759 0.386114060502819 0.425431097829053 0.355746585819353 0.157755663165466 0.434538006591081 0.752807270229255 0.433533302309678 0.207234816523219 0.393807912530564 0.419903576666324 0.0250189593997519
"33397" -0.163720476933214 0.0375285899953381 0.432671347507854 0.463749636690102 0.342563102262849 -0.0557851402503725 -0.0931101575206224 0.821504539999575 0.373090303898318 0.451885072768321 0.457105884969374 0.800086540097387 0 0.530821221643183 0.461842538118458 0.512003335179027 0.391626690558306 0.198914226462727 0.535445527378394 0.878039627491933 0.535098984590879 0.169397558497684 0.430709786320526 0.501491503859913 0.0488420131636488
"48228" 0.11414211818288 0.173320902222066 0.162026103954119 0.130791282611639 0.21270686470321 0.343050621817683 0.184731552992278 0.374064740649564 0.243340694570725 0.123959178924321 0.184884071438816 0.56534233925759 0.530821221643183 0 0.171329759552942 0.186935255433082 0.255078972618933 0.0987242030924274 0.153325799786239 0.377725182113976 0.16181348549199 0.261085447671959 0.278843311415732 0.208300629424405 -0.0231512112269706
"48612" 0.0229696125963297 -0.271956886405539 0.864334499849047 0.673666805955177 0.645351186776108 -0.0455321513439979 -0.0582551176412622 0.490569751314794 0.575735440555854 0.65184905127883 0.646467107769566 0.386114060502819 0.461842538118458 0.171329759552942 0 0.723565830155301 0.594319499097626 0.411559756920386 0.236518675567934 0.531028583693074 0.759611034152963 0.215102373409579 0.642481657023873 0.736626159428223 0.312960045747685
"50259" -0.097030337046747 -0.280778922917724 0.716218784595194 0.754266681042327 0.50576776250614 -0.0436294452069147 -0.099651794597485 0.542780787123733 0.645634828400149 0.728657174430943 0.72175884948861 0.425431097829053 0.512003335179027 0.186935255433082 0.723565830155301 0 0.674230154683634 0.479818280245474 0.256944566182201 0.587728621376506 0.855905393332874 0.240898801584682 0.710231109011178 0.828507520102809 0.356639787807883
"50341" 0.276299825835143 -0.0124171770540327 0.623782860855854 0.630161747400052 0.457427359859484 0.323739890231224 0.0531036685797093 0.34367579062412 0.920808549062899 0.596293973398292 0.618146893448357 0.355746585819353 0.391626690558306 0.255078972618933 0.594319499097626 0.674230154683634 0 0.658663916886432 0.0304351819493633 0.366068559397919 0.684350372720591 0.330526072409013 0.739459526066659 0.770262024773432 0.349701337301412
"54415" 0.510778631519612 0.214077748596885 0.484340425569005 0.479126342670868 0.297076469856067 0.404294785017423 0.0395557327544757 0.176545848080542 0.60129575913602 0.441260259388104 0.445414238876261 0.157755663165466 0.198914226462727 0.0987242030924274 0.411559756920386 0.479818280245474 0.658663916886432 0 -0.0951142811546337 0.177203768131731 0.486930983499914 0.242306551445036 0.623191810047925 0.626962504482783 0.306762311570924
"55838" -0.406073058556494 -0.0247827832914633 0.19031290910351 0.246319095349207 0.0977579514015972 -0.419348485358631 -0.252616025815903 0.582364355403554 0.034172750604931 0.250090945022516 0.211588152100645 0.434538006591081 0.535445527378394 0.153325799786239 0.236518675567934 0.256944566182201 0.0304351819493633 -0.0951142811546337 0 0.636352230277868 0.297253142038476 -0.0795983382585672 0.0673389402300069 0.189076087663642 0.0672752903697811
"56741" -0.327444162169414 -0.0919738991056237 0.489656417477154 0.551750862909795 0.326991228896037 -0.301484980378754 -0.221191020022705 0.888761122253272 0.353615297996801 0.541374824794022 0.513346234678502 0.752807270229255 0.878039627491933 0.377725182113976 0.531028583693074 0.587728621376506 0.366068559397919 0.177203768131731 0.636352230277868 0 0.63475603987745 0.0739888016603462 0.410565938066955 0.552301443659634 0.0791751736192468
"57737" -0.143636264631756 -0.316453879859787 0.744188795896978 0.808324218032302 0.518207778158894 -0.107665148715303 -0.138161386300057 0.59032416332894 0.656055488395936 0.786615374689227 0.754519638452628 0.433533302309678 0.535098984590879 0.16181348549199 0.759611034152963 0.855905393332874 0.684350372720591 0.486930983499914 0.297253142038476 0.63475603987745 0 0.223353330626095 0.727449998892105 0.861663352818679 0.370028586237811
"66307" 0.201074465912744 0.0324069303444636 0.224389531037538 0.199749413698398 0.226815009068918 0.341485590267215 0.170550462402723 0.0826426965948644 0.313753991399918 0.18656334544972 0.232164212295242 0.207234816523219 0.169397558497684 0.261085447671959 0.215102373409579 0.240898801584682 0.330526072409013 0.242306551445036 -0.0795983382585672 0.0739888016603462 0.223353330626095 0 0.338370045025403 0.288950979835999 0.128096376362352
"66372" 0.20499163275214 -0.0729974004976856 0.646741317641104 0.657579751199753 0.486205102015928 0.293589690217545 0.0502120673821715 0.386289122419044 0.697501240754317 0.625510156029229 0.649054169076647 0.393807912530564 0.430709786320526 0.278843311415732 0.642481657023873 0.710231109011178 0.739459526066659 0.623191810047925 0.0673389402300069 0.410565938066955 0.727449998892105 0.338370045025403 0 0.790369043512716 0.353038547289458
"66833" 0.0675711939661914 -0.178759159169637 0.741948831174921 0.779396037824576 0.524286897439562 0.0978808582391581 -0.0615505206287838 0.507491394315779 0.729160516978968 0.74676506930332 0.746320833021483 0.419903576666324 0.501491503859913 0.208300629424405 0.736626159428223 0.828507520102809 0.770262024773432 0.626962504482783 0.189076087663642 0.552301443659634 0.861663352818679 0.288950979835999 0.790369043512716 0 0.4161835217384
"66859" 0.0608960258398023 -0.0411290157885374 0.323385569873343 0.338718730740221 0.209802828967156 0.0642654736642159 -0.0773308690736726 0.0714305263743321 0.319835265465464 0.322708673670076 0.321872809042629 0.0250189593997519 0.0488420131636488 -0.0231512112269706 0.312960045747685 0.356639787807883 0.349701337301412 0.306762311570924 0.0672752903697811 0.0791751736192468 0.370028586237811 0.128096376362352 0.353038547289458 0.4161835217384 0
