"51" "94" "714" "720" "1271" "1725" "2215" "2333" "2911" "3066" "3089" "3128" "3209" "3468" "4471" "4594" "4836" "5608" "6667" "9182" "10083" "10524" "10829" "11005" "24055" "27475" "29755" "47952" "50356" "51176" "51345" "51636" "51904" "52223" "52810" "52818" "53196" "53266" "53768" "54268" "55705" "56258" "56495" "56594" "56728" "57082" "57294" "58153" "59467" "59905" "60381" "60624" "61195" "61196" "63306" "63694" "63877" "64167" "64331" "66683" "68579" "68935" "70430" "70715" "70810" "72003"
"51" 0 0.836580845798785 0.534524657123695 0.906444338148747 0.292235350814546 0.785990291538804 0.142402318114501 0.30483526640115 0.652080870384667 0.486862146625572 0.574442890996414 0.352210667209072 0.712238184422914 0.598690484465931 0.746481027648486 0.810040892472338 0.756982505553086 0.288870913196846 0.607544884921786 0.461725606510108 0.534335143511097 0.925092938920156 0.350184886101051 0.529299895133003 0.65996280593559 0.528776936052042 0.881161337430213 0.486344355681742 0.529854978143426 0.719099697537402 0.549854567080939 -0.0118444326695954 -0.0540751674958497 0.578195704620493 0.514172265216146 0.532039460674567 0.545793511863181 0.745545081728987 0.574649219674102 0.496968725275518 0.51077431846616 0.555903126773753 0.22304362959409 -0.00518464058293519 0.726771202653033 0.534844475120678 0.270563856635396 0.555996999272128 0.4857785760591 0.453166897581034 0.548967580367537 0.109618820767112 0.402476335263508 0.422705870671221 0.493866960653184 0.544463741583098 0.557118794903151 0.491213021923809 0.558518933333025 0.112453485667729 0.526039265672317 0.445095056002695 0.5269244078622 0.520558829549132 0.221570070681023 0.531269202785599
"94" 0.836580845798785 0 0.166391336633017 0.696885046376001 0.0727312312973755 0.469401983594226 0.0599251245454011 0.0840099952115827 0.714081767297274 0.164407174272282 0.78144208992902 0.320992801160151 0.5215448490998 0.337778917895565 0.864059028587676 0.899697611730086 0.449097330485275 0.337601570356504 0.881654399061832 0.40920511069251 0.211097482778035 0.741973401501905 0.360668531858674 0.278025363023937 0.399027528757736 0.15630955116738 0.800812899448688 0.161110696782775 0.160824281908606 0.511908853801779 0.269925102346138 0.0185366617688319 -0.0343704394141058 0.259363691568621 0.139502628614875 0.191102223087227 0.187351033861609 0.371319750014538 0.248650994735536 0.14511840969353 0.167898150955164 0.201785939486515 0.124466605591242 0.118018184694026 0.638256042858764 0.159776008229753 0.0232763478941793 0.195981507594004 0.141442731844404 0.130553789765328 0.184535084044407 0.128017765754122 0.24610073716248 0.199487587261677 0.150498728931088 0.207761699029351 0.251050439558905 0.192588186762194 0.218445364543413 -0.0305047392204305 0.173733951956541 0.131952569295172 0.172584424963452 0.154257283995612 -0.0468378232918292 0.180266332216967
"714" 0.534524657123695 0.166391336633017 0 0.610629213960081 0.514957704573515 0.743576291184441 0.19268828446529 0.529175344097551 0.0646469246603632 0.817246316996072 -0.143778805410461 -0.0262519902589415 0.437619106655856 0.800500899654614 0.189818323666203 0.243985250251492 0.723775623054373 -0.147107598501299 -0.0938399920306268 0.309922880075908 0.870930631690496 0.60704443531253 0.257777436203535 0.748095743618625 0.80420938805601 0.924577028882919 0.45863255071176 0.824508169061074 0.928845275404305 0.799428475439458 0.746783900858594 0.0132028783792193 0.0139248230704313 0.847737486937159 0.91802233724855 0.879248591087222 0.906839840670527 0.79103141502717 0.865662150325511 0.865358786955047 0.868238554301797 0.930999712292408 0.357724182971949 -0.213345300204408 0.383945499593599 0.931175692109466 0.535801201752872 0.905014728454782 0.853308094009027 0.839429846052126 0.924513358800045 0.0911196359595777 0.454019468577028 0.605804353567536 0.856297238378551 0.880208513693581 0.785619977041078 0.757656048778898 0.889611619167426 0.316879717427048 0.882153792241366 0.776553602443051 0.879952151584724 0.905766752413386 0.57588414484026 0.881362392245349
"720" 0.906444338148747 0.696885046376001 0.610629213960081 0 0.332547670860859 0.821350388656861 0.187623273349835 0.34170094605493 0.577626240380693 0.548679209886054 0.43341037412585 0.337379530202612 0.736911041714409 0.660967672471307 0.606529679469489 0.674776876121035 0.799403154269667 0.246780392850184 0.440023231095492 0.446113852456785 0.614275451734987 0.902614769654874 0.37248517571776 0.558107201542056 0.688734149663024 0.61007227323409 0.825625339359103 0.55557566026105 0.612333112450171 0.702207373570379 0.599123228358752 0.0528209153693134 0.0234977561128859 0.648849673422435 0.592137503559084 0.619034396446522 0.617463011599703 0.814801352754159 0.649948142120666 0.568274511370794 0.588069545941751 0.638352806624394 0.308312808528712 0.0382180537228341 0.736680743963999 0.610031607494738 0.324354999855342 0.642615961832756 0.560181813286797 0.551574786359538 0.634565454517772 0.171228011638046 0.430714467216985 0.478604455517975 0.569741769120894 0.625046380447851 0.60577539167943 0.547452329358949 0.637489037178523 0.162984288051105 0.599416826493619 0.512444116330633 0.598495136999712 0.599001476993052 0.296144575904087 0.603907367364801
"1271" 0.292235350814546 0.0727312312973755 0.514957704573515 0.332547670860859 0 0.404852838824363 0.257808991440001 0.998178152089611 0.0588249342355729 0.458800644518536 -0.0545603744920737 0.400200502589588 0.260786845600073 0.434086179225866 0.0615558645351851 0.0905628301993006 0.404901773511758 0.0721572534546923 -0.110431965008782 0.223091144972071 0.46859825020389 0.311578960068963 0.0823089162146575 0.412953890875848 0.469261727324369 0.517131075830148 0.212755641625212 0.462352343015679 0.516456023142981 0.429234069493133 0.448364883721472 0.0534784472608883 0.0339045129550506 0.489647831309093 0.515293013673986 0.48575784381053 0.512679490432314 0.435214692034861 0.491810981894618 0.489018507328154 0.484583510068559 0.502794107494323 0.134353295362567 -0.190080783281614 0.15290115225793 0.523552062410257 0.511098099204342 0.521524026129511 0.477025674972657 0.429097502707647 0.517504853920316 -0.00864892683557513 0.287082648844682 0.345693588830521 0.477951370974954 0.489533848231273 0.475418063448288 0.444417280045039 0.495932319438311 0.26635853973191 0.500588495971665 0.441033842794186 0.505616650003984 0.509962883279538 0.489094684434807 0.501591839255401
"1725" 0.785990291538804 0.469401983594226 0.743576291184441 0.821350388656861 0.404852838824363 0 0.125247269856584 0.423747774766231 0.284693664367757 0.661336614388313 0.103365475698782 0.138359950044701 0.591564312314026 0.646500863269762 0.465907602821538 0.530591740491759 0.842933594690476 0.00465345409258234 0.197915512028709 0.251391505356585 0.704503264315093 0.834126793047678 0.221019069931385 0.64038931842944 0.668413087717233 0.740479326763929 0.7105921475578 0.657427206217085 0.743257529726483 0.735876997524294 0.584622127467035 -0.030844424991361 -0.037881174784479 0.666617356763474 0.736394368271937 0.693539192753404 0.729657211203771 0.891298448701849 0.6809142208839 0.699915195144228 0.692661960811068 0.752959954249078 0.250428020966554 -0.147831071387067 0.59348017196883 0.750419346306992 0.408797518694366 0.721060944640534 0.68115881469468 0.667132713114985 0.736935956714978 0.0379869872460999 0.376478973310741 0.48045829362046 0.688079900237066 0.704582053520443 0.621459010516632 0.601321085056165 0.70637597138829 0.239776789847506 0.703893759365852 0.620358770054261 0.702720706759044 0.726294958457788 0.447743530330316 0.702723319181324
"2215" 0.142402318114501 0.0599251245454011 0.19268828446529 0.187623273349835 0.257808991440001 0.125247269856584 0 0.239243461308839 0.265547385790169 0.173211735996468 0.166760433491217 0.343893431583171 0.313529640867934 0.300054566166466 -0.0721175341332623 -0.0477223437960302 0.159270930890805 0.444055977515081 -0.0677572219210285 0.350923677249837 0.203516218672444 0.136790628449285 0.222236642309844 0.125385962792017 0.302533995753364 0.204798307391244 0.0943637148878014 0.197867756401663 0.200028012254074 0.120713448826348 0.325942887112182 0.374419211635974 0.333882966433298 0.319129132928066 0.183187540292648 0.257632871225763 0.215916723888054 0.169254534892664 0.309124626733867 0.186394992598436 0.210071583825304 0.20868742872171 0.228160023972985 0.155438309481887 0.183908638168537 0.190290036624209 0.541795382466722 0.245427647770473 0.187868063913125 0.18987826046744 0.231787873311234 0.229209550588557 0.308669221080354 0.265415854631624 0.217872075908208 0.2474429092007 0.308401542003827 0.24025919897107 0.264729001209051 0.120982919090187 0.222294032821596 0.173740197154486 0.227346061398462 0.204487233537204 0.438358232710693 0.229636189479482
"2333" 0.30483526640115 0.0840099952115827 0.529175344097551 0.34170094605493 0.998178152089611 0.423747774766231 0.239243461308839 0 0.0291470643656817 0.471414867131112 -0.0757493770577083 0.358055169302016 0.236411278649441 0.427546440251761 0.0936416917253529 0.121631515425539 0.416978628320341 0.0295761035746675 -0.0917467079057558 0.188814255355234 0.478825548362555 0.32609975023994 0.0620747132070226 0.431586816301606 0.464609065121821 0.529393264296351 0.228128520648762 0.471139784256323 0.529444819280634 0.454884354712494 0.435451123608461 0.0296717297889896 0.011856294527355 0.48189996549171 0.530577139593603 0.487666470536047 0.523032139781442 0.447328812924845 0.486068019050332 0.501545527860618 0.493403695321893 0.514875468150073 0.113615710338539 -0.226622094453692 0.14648290009826 0.538569839033098 0.512069017723506 0.527401190540866 0.488471870332779 0.438024677600188 0.525738581667152 -0.0416819210444952 0.263156695678023 0.334212766000278 0.487888122168445 0.493456682177823 0.467016842496487 0.444373686408173 0.497805471838905 0.271285648494278 0.508587918131397 0.451015534449392 0.514006037156781 0.521468030050487 0.500786629858212 0.508516567282045
"2911" 0.652080870384667 0.714081767297274 0.0646469246603632 0.577626240380693 0.0588249342355729 0.284693664367757 0.265547385790169 0.0291470643656817 0 0.075144983302052 0.910933128140227 0.751601400959269 0.810850757617948 0.418669325937059 0.393600240329788 0.444521684069874 0.331287274973729 0.786649274403867 0.520279730364621 0.768282459684206 0.132126961613895 0.549226251392579 0.520067324846518 0.0897972254218033 0.465159201471341 0.0787425504293076 0.565047214984523 0.11217096760356 0.0710110663506403 0.214280594568194 0.44769096965279 0.229442895922974 0.161711175371154 0.383661271556392 0.0328727608712734 0.212991404946056 0.12656884343791 0.28346700883542 0.350511395496875 0.0631528706712169 0.11864951392886 0.110715133683606 0.330745894939063 0.455940379310645 0.649647635975954 0.0522822898531925 0.0455501592452284 0.186996084260547 0.068470972145292 0.0663136409591345 0.144489992662352 0.447305157881408 0.524590724395634 0.349588594531505 0.0922417642785956 0.205829237985056 0.387743860911358 0.237490816501137 0.240367610968691 -0.0711931115721234 0.140763522914723 0.0690706115971467 0.135867328776691 0.0840249619764573 -0.135799160603322 0.158579602886143
"3066" 0.486862146625572 0.164407174272282 0.817246316996072 0.548679209886054 0.458800644518536 0.661336614388313 0.173211735996468 0.471414867131112 0.075144983302052 0 -0.106823842426605 -0.0036748667190119 0.405454154299449 0.707470101070968 0.178037654662135 0.227885235737052 0.644780868636758 -0.108103076591634 -0.0752200843234171 0.288727521668797 0.768242377887469 0.542462569459339 0.218107670931599 0.664352861284577 0.719876286340596 0.818737798055926 0.420586464762281 0.729333582163792 0.819843715516271 0.715256981291623 0.6677735170501 -0.00680440373944351 -0.0081892469304984 0.757941023187124 0.818347838801363 0.777597633509963 0.805454123978041 0.701763396535257 0.768203612488586 0.768581951103709 0.76820557902699 0.823583183944944 0.298880466475733 -0.208092677009589 0.332208132172002 0.825022361870966 0.477291328932199 0.805265313292132 0.755491204232553 0.733566050765151 0.818738212370632 0.0645707880696772 0.409884231793684 0.53817786602233 0.758953393063973 0.779258099610596 0.704260172544508 0.676118896704972 0.788257278083366 0.275604140072805 0.783878205650499 0.688137163318011 0.782436605464909 0.803591424141028 0.506893319701704 0.783514741532914
"3089" 0.574442890996414 0.78144208992902 -0.143778805410461 0.43341037412585 -0.0545603744920737 0.103365475698782 0.166760433491217 -0.0757493770577083 0.910933128140227 -0.106823842426605 0 0.641894225474258 0.568733935591131 0.19130716575365 0.516653319192568 0.545623526613384 0.128148727333492 0.726609039819785 0.695357118905644 0.653997878429165 -0.0800441439787153 0.419334817180734 0.376826228731342 -0.0323987445194534 0.279963358618752 -0.136595827853782 0.492818602123968 -0.0818970801007138 -0.14598652059927 0.136117306235322 0.236895290436245 0.0884286041380098 0.0104806687382174 0.146747069413446 -0.171885430995426 -0.026549704656519 -0.0813196381532498 0.040949588594154 0.107491711287716 -0.131442972023497 -0.0927668299817675 -0.114685584227316 0.112788823613007 0.324643344061168 0.471542056129122 -0.151892819105988 -0.0897373549597773 -0.0282775606430262 -0.130146979986275 -0.17112005720143 -0.0833892217599131 0.271187844455284 0.36253584490588 0.157632270723119 -0.112952197763776 -0.0222183668911352 0.181219318924279 0.0486338535125054 0.00619837401725584 -0.165874991104681 -0.0713291330093987 -0.112832534457366 -0.069462493381313 -0.127570292358674 -0.28116347880253 -0.0548857912428852
"3128" 0.352210667209072 0.320992801160151 -0.0262519902589415 0.337379530202612 0.400200502589588 0.138359950044701 0.343893431583171 0.358055169302016 0.751601400959269 -0.0036748667190119 0.641894225474258 0 0.662482911123645 0.237601453797718 -0.00662092968744543 0.0366492450277073 0.209632612614412 0.828757302945203 0.089663665168908 0.650509467166503 0.0011125498143247 0.266097923308692 0.273666523387302 -0.0550738069347169 0.300304605690774 -0.00286640458729617 0.229224950130232 0.0326293756949998 -0.020222847352172 -0.0450046039211281 0.356088689081059 0.201126172722648 0.137564458132799 0.275894164975461 -0.0402496231208001 0.106804243751117 0.038575963526471 0.183257080516388 0.236496029214644 -0.00661542895941116 0.0268608876066327 -0.0168291686534874 0.183556230167265 0.336304446197725 0.36066374960409 -0.0282331351717763 0.176881987150663 0.106669942600448 -0.0055209290877402 -0.0567593019365906 0.0462896903550051 0.309893638192903 0.455261926085326 0.260682256915125 0.0121415139876888 0.0940035360826211 0.310517157205397 0.165938283505252 0.128647933664184 -0.0169202742113238 0.0587077962173916 0.000140512978597754 0.0609481567992506 0.00497966872232144 -0.0242982674130245 0.075585334946015
"3209" 0.712238184422914 0.5215448490998 0.437619106655856 0.736911041714409 0.260786845600073 0.591564312314026 0.313529640867934 0.236411278649441 0.810850757617948 0.405454154299449 0.568733935591131 0.662482911123645 0 0.672933083125658 0.24854352219923 0.321885017961569 0.637870616203913 0.603856914169795 0.212901836731941 0.706178689431895 0.474430903889395 0.701749536476319 0.532006273957339 0.342949857015792 0.672431612983605 0.454207190077968 0.621199018374554 0.438505203130706 0.451871937135513 0.40442772061281 0.66628928780785 0.272104718329297 0.233091864326512 0.667473324912631 0.411172014184348 0.55769646558789 0.477571010952581 0.655032146988032 0.652252664358333 0.41740834018206 0.465206978719279 0.485451887880016 0.48847796757713 0.3850101199784 0.7490125418584 0.430970174870268 0.275751046477642 0.525775990914845 0.416596864292143 0.440552475663079 0.512426226213834 0.471205330424469 0.609457895688706 0.54701968341721 0.441549822498382 0.541809863965677 0.63118984103733 0.504558365697022 0.573948812111489 0.103566141341505 0.483847008796564 0.384908882594177 0.475678460942396 0.451199579675835 0.161186626432977 0.497355650232115
"3468" 0.598690484465931 0.337778917895565 0.800500899654614 0.660967672471307 0.434086179225866 0.646500863269762 0.300054566166466 0.427546440251761 0.418669325937059 0.707470101070968 0.19130716575365 0.237601453797718 0.672933083125658 0 0.220824881940464 0.283476032331424 0.658975512134085 0.154319658097718 0.0853754126153109 0.593318254941365 0.818400769053912 0.652270870108217 0.584878391665192 0.644399532249481 0.872983016145641 0.808622195565163 0.554239311280845 0.738457617189601 0.815672540373211 0.719200878110276 0.828251022304344 0.291588037920435 0.277484823168646 0.901431105877619 0.773214099953039 0.867799851283158 0.8102811688444 0.708243822728883 0.910893484715864 0.749731385252376 0.795306343585832 0.856935267901635 0.61813962245798 0.201231296165151 0.631625085711278 0.791793865605011 0.453361474684322 0.834247028567319 0.744509209087651 0.805585224341226 0.851902973159146 0.461529307699996 0.627549929936756 0.70537154247086 0.76840769305758 0.85382171442215 0.821307840779102 0.735572454471778 0.877795967880107 0.263056685086908 0.800965944534279 0.682150294997905 0.788842545799807 0.795218983998228 0.430547058139594 0.808104536785966
"4471" 0.746481027648486 0.864059028587676 0.189818323666203 0.606529679469489 0.0615558645351851 0.465907602821538 -0.0721175341332623 0.0936416917253529 0.393600240329788 0.178037654662135 0.516653319192568 -0.00662092968744543 0.24854352219923 0.220824881940464 0 0.9514100826662 0.392884791622552 -0.0057059543758987 0.885454732222727 0.0958937237589642 0.214133334374077 0.684521767992526 0.204356492298027 0.320205863724756 0.265990676024345 0.167175247374809 0.756405371883834 0.152152136061382 0.179266057535552 0.563467109514451 0.105473606024268 -0.0841549949277622 -0.114130160877866 0.129273967847889 0.171184812169637 0.145419370258057 0.180519743162883 0.339477836709628 0.136308382801041 0.16099050219081 0.160860517077006 0.214931062307644 -0.000479421128646884 -0.079523760167808 0.500959070487882 0.185673499176557 0.00296179194280323 0.155655466728521 0.15280619428397 0.150238153544054 0.168795559268612 -0.0635102350742753 0.027198488289982 0.0704312955832443 0.153477363250491 0.165192020570514 0.111759427558701 0.121327931181623 0.159302802870861 0.00523817562825874 0.154753839063115 0.140642290135542 0.154175426625144 0.160911484249473 0.0198841176056745 0.153047640856217
"4594" 0.810040892472338 0.899697611730086 0.243985250251492 0.674776876121035 0.0905628301993006 0.530591740491759 -0.0477223437960302 0.121631515425539 0.444521684069874 0.227885235737052 0.545623526613384 0.0366492450277073 0.321885017961569 0.283476032331424 0.9514100826662 0 0.458350275686325 0.0284366382860753 0.891532961552986 0.145724696482351 0.268099308827232 0.750115997443586 0.240422726940924 0.362886378665679 0.329247798128998 0.223576869947617 0.810630536861415 0.203490759241698 0.234438453974716 0.609889165885385 0.165650761044687 -0.0692651366193167 -0.101095306928085 0.195354591782365 0.223932957048241 0.20036595273592 0.237416722413434 0.41229398129065 0.202153599368444 0.211126565498018 0.216878170399081 0.271619429747751 0.0377111326784686 -0.0633923881752758 0.561219438293131 0.239783111812461 0.0371649242176086 0.214921943860628 0.204570162464871 0.20181193132269 0.226893090736688 -0.0351232338296615 0.076439896364703 0.120906834866482 0.204655209182552 0.223876437786778 0.172564836343004 0.175295369960585 0.221588798485211 0.021559480787531 0.21080873611016 0.186648163999774 0.210741390184638 0.218199675453961 0.0488534997763687 0.20984476103375
"4836" 0.756982505553086 0.449097330485275 0.723775623054373 0.799403154269667 0.404901773511758 0.842933594690476 0.159270930890805 0.416978628320341 0.331287274973729 0.644780868636758 0.128148727333492 0.209632612614412 0.637870616203913 0.658975512134085 0.392884791622552 0.458350275686325 0 0.0810235032539611 0.142105583427843 0.320533147395084 0.689743240952913 0.800634318804224 0.24696972690349 0.608750202277645 0.676922614350785 0.72370101686316 0.672926022075948 0.651068012094312 0.725450092478998 0.686940249017258 0.613755566951622 0.00251723468680183 -0.00740044331082551 0.68769657194648 0.716642877544229 0.696193251174841 0.716956616825315 0.874124175207696 0.697692270125488 0.6787737731699 0.682804798262441 0.733949575695678 0.281138724514717 -0.0925547610630515 0.59542351582779 0.728974498492188 0.411420570642366 0.718252705010359 0.667368164051751 0.649173866448065 0.728578753613029 0.0823325658538277 0.390518160707716 0.492882892973052 0.671992599918893 0.698872895840347 0.643594295828127 0.607877245483257 0.708501197088701 0.2316331402174 0.696681262895813 0.611050448831831 0.695121771188668 0.710451422006528 0.425944804382219 0.697449395376014
"5608" 0.288870913196846 0.337601570356504 -0.147107598501299 0.246780392850184 0.0721572534546923 0.00465345409258234 0.444055977515081 0.0295761035746675 0.786649274403867 -0.108103076591634 0.726609039819785 0.828757302945203 0.603856914169795 0.154319658097718 -0.0057059543758987 0.0284366382860753 0.0810235032539611 0 0.146638123060918 0.67408994301743 -0.111806422606675 0.174024517623068 0.26149742375297 -0.143734756800958 0.232078572132262 -0.123804402480069 0.165069885610618 -0.0686063793937679 -0.143358799184801 -0.121328404490062 0.289503078329053 0.27951292571632 0.197948637993236 0.187551613621794 -0.162923295124407 -0.00222136366324339 -0.0749312013936018 0.0353419344756681 0.141772235304599 -0.11931976035663 -0.0816547525695357 -0.138465604403825 0.132621329893465 0.351431804536131 0.289573782968286 -0.149683615625468 0.258851754268034 -0.000799035504385619 -0.117610075748104 -0.179198340003454 -0.0708980653723588 0.302737363449909 0.430223005567347 0.200344426738542 -0.0968066833164081 -0.0130601981278012 0.2345908427276 0.0848642515089088 0.0219820213579022 -0.0785153292137248 -0.0509320157945276 -0.101608408473175 -0.0465802168781249 -0.110766398324349 0.0193250938215915 -0.0324317030841496
"6667" 0.607544884921786 0.881654399061832 -0.0938399920306268 0.440023231095492 -0.110431965008782 0.197915512028709 -0.0677572219210285 -0.0917467079057558 0.520279730364621 -0.0752200843234171 0.695357118905644 0.089663665168908 0.212901836731941 0.0853754126153109 0.885454732222727 0.891532961552986 0.142105583427843 0.146638123060918 0 0.155654045917795 -0.0200635279223836 0.519799172280077 0.315534946270494 0.0895051103557582 0.103398919840481 -0.114075461411035 0.659016233173079 -0.087760840188095 -0.100374278701547 0.331097455608892 -0.040514099357409 0.0635693757985086 0.0278683564403691 -0.0508278632921748 -0.124109201347293 -0.077999702416701 -0.0883946106902083 0.066721700808282 -0.0516039584472974 -0.112012939299366 -0.0861399256796468 -0.0449694928863619 0.0549371933432543 0.179574943396994 0.499646055862176 -0.109321224703749 -0.170906712050171 -0.102092451513058 -0.106064971195134 -0.0628221269005642 -0.0917468295612467 0.108048212142327 -0.000630604084831848 -0.0309500964940339 -0.101123579610823 -0.0612223231419832 -0.0679081362936584 -0.0759770278179589 -0.0616669699051996 -0.0959826466796431 -0.102291388395322 -0.0954252213456529 -0.106758237868516 -0.114194202542197 -0.193033008747022 -0.099963452880909
"9182" 0.461725606510108 0.40920511069251 0.309922880075908 0.446113852456785 0.223091144972071 0.251391505356585 0.350923677249837 0.188814255355234 0.768282459684206 0.288727521668797 0.653997878429165 0.650509467166503 0.706178689431895 0.593318254941365 0.0958937237589642 0.145724696482351 0.320533147395084 0.67408994301743 0.155654045917795 0 0.339337766503388 0.379917414395401 0.482200847769306 0.240106067219718 0.653840637882753 0.332105562065134 0.333666802692708 0.338716489679453 0.3180604738163 0.310968958885243 0.668496296210754 0.189154666573547 0.124115975729852 0.622504303651326 0.285241467419869 0.449773512155129 0.374087993871376 0.28905337645454 0.588050398675572 0.304045693574014 0.351066627371508 0.33806991853294 0.381000150327194 0.292956697750194 0.430619092541101 0.305893542476817 0.232615407631139 0.444692618564401 0.30292159924169 0.264578318399652 0.395811658675965 0.427947255902731 0.670498297085653 0.519463374558041 0.326205124670627 0.437053732046601 0.627730014129506 0.457140539978981 0.477450614035157 0.0196993991628174 0.385289649884474 0.283800383623075 0.385532293819906 0.334572318353706 0.0430359654770077 0.403832343748914
"10083" 0.534335143511097 0.211097482778035 0.870930631690496 0.614275451734987 0.46859825020389 0.704503264315093 0.203516218672444 0.478825548362555 0.132126961613895 0.768242377887469 -0.0800441439787153 0.0011125498143247 0.474430903889395 0.818400769053912 0.214133334374077 0.268099308827232 0.689743240952913 -0.111806422606675 -0.0200635279223836 0.339337766503388 0 0.615993849472591 0.375645841213759 0.70671586443457 0.788755855262329 0.872785740777121 0.495568351548001 0.782889970808449 0.881567824939329 0.76661355224215 0.729637542697027 0.134330204454484 0.138748757117344 0.830856728342017 0.857351519285027 0.860318520957832 0.856276383332588 0.756629075058456 0.851881204989467 0.810231092201219 0.829545734124763 0.902796271359731 0.461234523390483 -0.0519998942637643 0.477453566193757 0.870234216052149 0.488562399514315 0.854422315327565 0.806608389640443 0.838979772502345 0.888126276777835 0.225313051855283 0.465442849816137 0.610867304339255 0.815530872100601 0.855708219242809 0.753130647571234 0.72101446190196 0.86769377570008 0.307391731366906 0.836525820721381 0.733511491696952 0.829073812698 0.854635673366519 0.530264664597463 0.836754428506357
"10524" 0.925092938920156 0.741973401501905 0.60704443531253 0.902614769654874 0.311578960068963 0.834126793047678 0.136790628449285 0.32609975023994 0.549226251392579 0.542462569459339 0.419334817180734 0.266097923308692 0.701749536476319 0.652270870108217 0.684521767992526 0.750115997443586 0.800634318804224 0.174024517623068 0.519799172280077 0.379917414395401 0.615993849472591 0 0.402089985130202 0.570426949298839 0.664058030670667 0.599923399473768 0.877444215860351 0.54835953330893 0.608123766102148 0.732209094096117 0.556746284685306 0.0809117125695088 0.0577549454845088 0.615933253375235 0.585949622330471 0.605111968752785 0.606253868051426 0.818726663297937 0.624291645668038 0.558020316556312 0.579380532454569 0.643755968180222 0.327616864585361 0.059093295290037 0.776284933477958 0.602467272906027 0.300132776925721 0.605067658022722 0.552192854903878 0.568971476186727 0.620116153507519 0.181406364897748 0.380657781576929 0.452755323796811 0.561475604201854 0.611995107272831 0.562871869322028 0.52045864198642 0.623018621542452 0.170059389424272 0.585389694676107 0.504998044009804 0.579021076209066 0.589542408573676 0.297173146722968 0.588009549701946
"10829" 0.350184886101051 0.360668531858674 0.257777436203535 0.37248517571776 0.0823089162146575 0.221019069931385 0.222236642309844 0.0620747132070226 0.520067324846518 0.218107670931599 0.376826228731342 0.273666523387302 0.532006273957339 0.584878391665192 0.204356492298027 0.240422726940924 0.24696972690349 0.26149742375297 0.315534946270494 0.482200847769306 0.375645841213759 0.402089985130202 0 0.213321642204535 0.451242225516718 0.266355271688271 0.433495056448676 0.260207693566455 0.283964086792277 0.277323158050926 0.423856590067644 0.58830362191239 0.587252261615792 0.459571036262369 0.213151299620122 0.418199606968199 0.272034549826615 0.270433185637713 0.472670556322778 0.216650553857524 0.306239657313221 0.368700578304523 0.713165695754381 0.687822045403867 0.684372653170484 0.226026033319192 0.0869199313958035 0.291408562953766 0.242203235885834 0.43458740058846 0.336024034961483 0.737938283254613 0.420104486388979 0.420981813479828 0.272078014659709 0.392246100275075 0.361762238841514 0.289010619436791 0.412680096693795 0.103839279539035 0.27968961805053 0.227094248755097 0.262550916928153 0.262383715292185 0.0618409531325549 0.28884073774768
"11005" 0.529299895133003 0.278025363023937 0.748095743618625 0.558107201542056 0.412953890875848 0.64038931842944 0.125385962792017 0.431586816301606 0.0897972254218033 0.664352861284577 -0.0323987445194534 -0.0550738069347169 0.342949857015792 0.644399532249481 0.320205863724756 0.362886378665679 0.608750202277645 -0.143734756800958 0.0895051103557582 0.240106067219718 0.70671586443457 0.570426949298839 0.213321642204535 0 0.665892695673544 0.742644454314314 0.472653364987703 0.660582465987549 0.746362526704473 0.728372569236697 0.583826895224561 -0.0307415899439396 -0.0361772784053293 0.66715858352757 0.744169173851238 0.696437379100044 0.731676361341029 0.646768895118422 0.681963252043759 0.697941787475634 0.69604169442259 0.754833008838637 0.249161126782259 -0.217431334397058 0.348975851896242 0.754319486103671 0.413161224364251 0.723934962278286 0.685133820348524 0.666815909652331 0.740389223909284 0.0281376852625286 0.341129880611501 0.468762008844321 0.687120458740617 0.703098687858282 0.619153716860233 0.602878786093367 0.708532399304096 0.243772478262198 0.707220033876644 0.62389122036405 0.706016269095582 0.735226733067878 0.450029190873385 0.705849809859735
"24055" 0.65996280593559 0.399027528757736 0.80420938805601 0.688734149663024 0.469261727324369 0.668413087717233 0.302533995753364 0.464609065121821 0.465159201471341 0.719876286340596 0.279963358618752 0.300304605690774 0.672431612983605 0.872983016145641 0.265990676024345 0.329247798128998 0.676922614350785 0.232078572132262 0.103398919840481 0.653840637882753 0.788755855262329 0.664058030670667 0.451242225516718 0.665892695673544 0 0.814601436778458 0.550485791264061 0.744880253347324 0.809824187660854 0.758554413012379 0.857136660018349 0.107857947147286 0.0730239930548336 0.905926950055517 0.785551281444605 0.842855392332561 0.823953060170737 0.705371362115904 0.901980533632487 0.760669848147092 0.786806233811355 0.828999350930869 0.447715470891953 0.00521280796474667 0.52690319391688 0.806713881582767 0.483590748345021 0.856483526010982 0.748514214144671 0.724858562637891 0.846198372015705 0.284589606924541 0.652458906417313 0.684857965727311 0.763596706022857 0.840978899467734 0.862351870024766 0.75893584503509 0.868410575656835 0.227566789979264 0.813962829368949 0.68598338649636 0.809157482512631 0.801889372278383 0.416094246936851 0.822497954535225
"27475" 0.528776936052042 0.15630955116738 0.924577028882919 0.61007227323409 0.517131075830148 0.740479326763929 0.204798307391244 0.529393264296351 0.0787425504293076 0.818737798055926 -0.136595827853782 -0.00286640458729617 0.454207190077968 0.808622195565163 0.167175247374809 0.223576869947617 0.72370101686316 -0.123804402480069 -0.114075461411035 0.332105562065134 0.872785740777121 0.599923399473768 0.266355271688271 0.742644454314314 0.814601436778458 0 0.452300319975694 0.825212416076111 0.928609720630856 0.790295549019192 0.760707804730197 0.0194489643235015 0.0190844074294499 0.860313709191375 0.921745266644942 0.886747939473632 0.911148231160658 0.790723693198796 0.877376787793749 0.869183788719186 0.870680073722376 0.931993219244901 0.366346198414954 -0.202557926878732 0.383533734474385 0.932141896148804 0.54350858758408 0.912324925084653 0.857702769604076 0.839070195629077 0.929030418832165 0.103873761960411 0.472357389437025 0.617617084865019 0.859433550554318 0.885758414968848 0.79945576512308 0.766106755858082 0.904542875410274 0.316157899348985 0.88902294983628 0.778448840238347 0.88585952513526 0.909399483710837 0.575875817375113 0.888750981600693
"29755" 0.881161337430213 0.800812899448688 0.45863255071176 0.825625339359103 0.212755641625212 0.7105921475578 0.0943637148878014 0.228128520648762 0.565047214984523 0.420586464762281 0.492818602123968 0.229224950130232 0.621199018374554 0.554239311280845 0.756405371883834 0.810630536861415 0.672926022075948 0.165069885610618 0.659016233173079 0.333666802692708 0.495568351548001 0.877444215860351 0.433495056448676 0.472653364987703 0.550485791264061 0.452300319975694 0 0.435215628352575 0.461552285548857 0.655966429911075 0.42891363680747 0.127058659096322 0.104620397345046 0.478810245068296 0.433313782651488 0.470581831156579 0.457919704601517 0.670868014948712 0.489210286893534 0.413498301419995 0.442682828894794 0.508418369799418 0.319710148937046 0.145520244655481 0.776964872086354 0.450217650629534 0.188030732974711 0.454786380916411 0.418714181478657 0.457861841245824 0.475011038027374 0.219022079986139 0.30210965644773 0.359676810815576 0.426278175481736 0.478922637561488 0.432607633550835 0.394731428109367 0.485881101509449 0.139800591266815 0.439338741709731 0.378427269396775 0.430805106938149 0.439370816184815 0.189583948595773 0.441816635123515
"47952" 0.486344355681742 0.161110696782775 0.824508169061074 0.55557566026105 0.462352343015679 0.657427206217085 0.197867756401663 0.471139784256323 0.11217096760356 0.729333582163792 -0.0818970801007138 0.0326293756949998 0.438505203130706 0.738457617189601 0.152152136061382 0.203490759241698 0.651068012094312 -0.0686063793937679 -0.087760840188095 0.338716489679453 0.782889970808449 0.54835953330893 0.260207693566455 0.660582465987549 0.744880253347324 0.825212416076111 0.435215628352575 0 0.8292037183058 0.706224377079708 0.699696615515862 0.0303621309875272 0.0265355584124967 0.785983717362715 0.81622263368226 0.797549047753737 0.820864166992145 0.704261474521916 0.799471392006478 0.772778288531756 0.778369902151743 0.836365587490759 0.34279208811514 -0.156251277447758 0.362350776380613 0.829375511782681 0.485867783322797 0.825227144583519 0.789433330038282 0.747291201028402 0.830915301573901 0.117510083245431 0.448657233059045 0.567415508584034 0.76706140964263 0.796474342615409 0.730721028984818 0.692621464395261 0.808006234603093 0.32413594537944 0.794204623982517 0.693963838613794 0.791686896172799 0.810432121442004 0.503338572051513 0.795068910616517
"50356" 0.529854978143426 0.160824281908606 0.928845275404305 0.612333112450171 0.516456023142981 0.743257529726483 0.200028012254074 0.529444819280634 0.0710110663506403 0.819843715516271 -0.14598652059927 -0.020222847352172 0.451871937135513 0.815672540373211 0.179266057535552 0.234438453974716 0.725450092478998 -0.143358799184801 -0.100374278701547 0.3180604738163 0.881567824939329 0.608123766102148 0.283964086792277 0.746362526704473 0.809824187660854 0.928609720630856 0.461552285548857 0.8292037183058 0 0.796018147487088 0.756489422022716 0.0420459296158076 0.0446272289305234 0.858995581765481 0.920271177838132 0.891148505892202 0.912754606312479 0.795190178111577 0.877487127076885 0.868747645950726 0.873663691957742 0.941755004802974 0.38734281013243 -0.179855981231103 0.402718890719112 0.932153602880166 0.537906501650839 0.909212642324862 0.856159364541546 0.854634082148784 0.932751297775974 0.123667137955668 0.46403899842591 0.617455472242257 0.861673688756447 0.889759042770757 0.79222242025495 0.762387109202889 0.9001609102391 0.321902292660663 0.888654365029088 0.780072436460535 0.884144779809007 0.910174249353783 0.578076275786328 0.887974813001329
"51176" 0.719099697537402 0.511908853801779 0.799428475439458 0.702207373570379 0.429234069493133 0.735876997524294 0.120713448826348 0.454884354712494 0.214280594568194 0.715256981291623 0.136117306235322 -0.0450046039211281 0.40442772061281 0.719200878110276 0.563467109514451 0.609889165885385 0.686940249017258 -0.121328404490062 0.331097455608892 0.310968958885243 0.76661355224215 0.732209094096117 0.277323158050926 0.728372569236697 0.758554413012379 0.790295549019192 0.655966429911075 0.706224377079708 0.796018147487088 0 0.637906006729255 -0.0613394921210903 -0.0797873658311021 0.720792633960301 0.787993016110458 0.74044363122605 0.788379844601347 0.704788202514628 0.734519075655276 0.743966818491736 0.742838098847671 0.812080115007226 0.246591723941892 -0.248403926673423 0.457641282032278 0.806022151815245 0.423447400583354 0.77698031507261 0.79606668314906 0.699725736612236 0.790792360422807 0.0150376130790007 0.37783785607534 0.50334082149272 0.732707190661483 0.754117887880084 0.673574753982245 0.650415487675502 0.760494340876951 0.237476046371738 0.756740449833784 0.663740705048749 0.755031754635312 0.774485787020065 0.447485052146867 0.75595298939581
"51345" 0.549854567080939 0.269925102346138 0.746783900858594 0.599123228358752 0.448364883721472 0.584622127467035 0.325942887112182 0.435451123608461 0.44769096965279 0.6677735170501 0.236895290436245 0.356088689081059 0.66628928780785 0.828251022304344 0.105473606024268 0.165650761044687 0.613755566951622 0.289503078329053 -0.040514099357409 0.668496296210754 0.729637542697027 0.556746284685306 0.423856590067644 0.583826895224561 0.857136660018349 0.760707804730197 0.42891363680747 0.699696615515862 0.756489422022716 0.637906006729255 0 0.127648687569396 0.0952212126265543 0.879634271544877 0.731064576685442 0.80136726676792 0.77519285888804 0.647413925490728 0.870274439621422 0.70840305379926 0.743431676747545 0.769002633492328 0.447423362115648 0.045288912236445 0.461054766753073 0.748074398940842 0.471201234450788 0.813669892371984 0.700158630131878 0.674972298479484 0.797990530244584 0.310108909195961 0.663473568421675 0.672772833229177 0.719381051565911 0.792863517249873 0.842988644481393 0.733211871412101 0.822986591855654 0.213445409102279 0.765379429179297 0.641251290525186 0.765754915467599 0.751471066961175 0.389358466689477 0.775406971928683
"51636" -0.0118444326695954 0.0185366617688319 0.0132028783792193 0.0528209153693134 0.0534784472608883 -0.030844424991361 0.374419211635974 0.0296717297889896 0.229442895922974 -0.00680440373944351 0.0884286041380098 0.201126172722648 0.272104718329297 0.291588037920435 -0.0841549949277622 -0.0692651366193167 0.00251723468680183 0.27951292571632 0.0635693757985086 0.189154666573547 0.134330204454484 0.0809117125695088 0.58830362191239 -0.0307415899439396 0.107857947147286 0.0194489643235015 0.127058659096322 0.0303621309875272 0.0420459296158076 -0.0613394921210903 0.127648687569396 0 0.989452593890236 0.163300878797209 -0.0219934648055358 0.167296577291435 0.0128908666138657 0.0436814089947985 0.183667758774694 -0.0140599522563732 0.0686507613767864 0.119345303779965 0.803734795320069 0.787673049673503 0.463298343049625 -0.0201364958979007 0.309688964073289 0.0160904385389677 0.0177990349833393 0.24765570278366 0.0792220954578151 0.691320728940548 0.182491257373837 0.205686278582741 0.0435592783357935 0.135005119662289 0.0672208378992133 0.0407462962104705 0.142122455734495 0.133621525562225 0.0277559492863538 0.0207861377611489 0.00562232668173111 0.0176516862916544 0.299624131949691 0.0324554361218041
"51904" -0.0540751674958497 -0.0343704394141058 0.0139248230704313 0.0234977561128859 0.0339045129550506 -0.037881174784479 0.333882966433298 0.011856294527355 0.161711175371154 -0.0081892469304984 0.0104806687382174 0.137564458132799 0.233091864326512 0.277484823168646 -0.114130160877866 -0.101095306928085 -0.00740044331082551 0.197948637993236 0.0278683564403691 0.124115975729852 0.138748757117344 0.0577549454845088 0.587252261615792 -0.0361772784053293 0.0730239930548336 0.0190844074294499 0.104620397345046 0.0265355584124967 0.0446272289305234 -0.0797873658311021 0.0952212126265543 0.989452593890236 0 0.141380845010467 -0.0207595197907938 0.164272314093041 0.00634228651000208 0.0432664101988889 0.167272700773168 -0.017713525014304 0.0677622180451748 0.124698768537556 0.808337011944104 0.801138566391898 0.459439469959762 -0.0215583947819663 0.268947491036739 0.00307505328609525 0.0176361424967071 0.268293741035221 0.0771457430377381 0.703709827006304 0.143729794011541 0.184685158218325 0.0422233028569607 0.130822354502103 0.0352391172749253 0.0232343330877444 0.134376088385498 0.142906677590972 0.0210045247195862 0.0203861551807841 -0.00335383936374142 0.0157425223629879 0.285180377518577 0.0241351134253931
