"70" "118" "155" "552" "945" "957" "2285" "2472" "3594" "4377" "4859" "6283" "9180" "43615" "51631" "52367" "53084" "55789" "55929" "56804" "57211" "57716" "59602" "60900" "65953" "67117" "67650" "68019" "68842" "69344" "69682" "69935"
"70" 0 0.26650558329859 0.875546578069824 -0.229823373359345 0.0259669561475034 0.2312179898155 0.0919626265799241 -0.0251876773472675 0.0872615937258101 -0.0364019785568651 0.435880697517193 0.106858635875804 0.456465800616223 0.00341042077545901 0.00174514305781825 0.053071477444505 0.105186113103362 -0.10220214285404 -0.118220501573132 0.0331923397700293 -0.0052454837191751 -0.130866663865428 0.0568761147628166 0.173287112743105 -0.0862054073628657 -0.0363869212993171 -0.0137126950265738 -0.14855193178856 -0.0221097616330518 -0.146802302015618 -0.0214030566386842 -0.0225711405194495
"118" 0.26650558329859 0 0.115655443995717 0.699094264758704 0.489365042676764 0.000528775653345969 0.194705705270876 -0.237619661639018 -0.424125444936374 0.419431464806991 0.350303909012413 -0.369284878844469 -0.00350645715150124 0.429714767421134 0.129324494073161 0.275448579387916 -0.12705844408098 0.144958240477421 0.551633693832906 -0.0917439408235507 0.134783547198469 0.138661629038723 0.0567505069355722 -0.130366526721609 0.140761195716529 0.150268835537748 0.0448898498888743 0.139445435704883 0.11949572818946 0.0319204155419085 0.0260575163867616 0.0806073237571597
"155" 0.875546578069824 0.115655443995717 0 -0.235666381196553 -0.0230544842003391 0.377950678110776 0.198237115470112 0.135495161386121 0.346955827881641 0.0239587502896692 0.462987740345811 0.449194992452137 0.666746085060169 -0.0221272121406631 0.0911721132572865 0.160430487259548 0.287468115388966 0.188122986075747 -0.0880845589067754 0.193113750081703 0.0785730716598747 -0.129695909183974 0.170396799299801 0.365196297544314 0.170210816023355 0.0475399610649681 0.107487751818627 0.109044508199626 0.0665655030529202 -0.0370293341793553 0.146437203786364 0.0890258339320069
"552" -0.229823373359345 0.699094264758704 -0.235666381196553 0 0.451189113892629 -0.0231775795761717 0.22644615087506 -0.15981518137398 -0.365224549101948 0.454048520921975 0.177016998933051 -0.290400304002218 -0.102531831775287 0.416868713503429 0.194369118182915 0.303774437728713 -0.0825385183315585 0.297859817948373 0.52186802353162 -0.0236834089004182 0.201368347634585 0.222284836885417 0.104896539496864 -0.114158908214563 0.280993073867255 0.229389623309451 0.128986171407764 0.299595152208635 0.195683900834232 0.15896934185655 0.130434177211334 0.164625087568275
"945" 0.0259669561475034 0.489365042676764 -0.0230544842003391 0.451189113892629 0 -0.0305070079064863 0.155923270739409 0.151225278733373 -0.324603696379869 0.761536718453213 0.27235345800391 -0.245035865284997 -0.0535405446400206 0.777106273872891 0.102793951613036 -0.0468520832034598 -0.111482244979032 0.275217203454132 0.420456574870709 -0.072618057196967 0.105971157688873 0.427993476595882 0.0359869432694617 -0.121793267292212 0.252105516755968 0.128693875178841 0.0386147795906078 0.402100568126197 0.0978464453110658 0.418771249054653 0.0387740676717805 0.070064849304854
"957" 0.2312179898155 0.000528775653345969 0.377950678110776 -0.0231775795761717 -0.0305070079064863 0 0.82336973072869 0.422843570880226 0.517693323676139 -0.146818300452102 0.360836612687978 0.421611655186261 0.743366517996639 -0.039259874937855 0.8149306755569 0.486530131951715 0.898078809894374 -0.0873207718988536 0.332687111899579 0.804442663525891 0.827652528775255 0.454757587808838 0.874351254263744 0.911650980008319 -0.0486324244925286 0.743091933400631 0.879027807855195 -0.25481467514106 0.813768825996773 0.437555883801225 0.887803421057909 0.840186426078704
"2285" 0.0919626265799241 0.194705705270876 0.198237115470112 0.22644615087506 0.155923270739409 0.82336973072869 0 0.219187330861931 0.112481892188254 0.0710859131861939 0.317611231168037 0.0997199337660214 0.608742415458245 0.120965207674664 0.928532367309556 0.433083409850231 0.738988702291882 0.0786734645703216 0.534082476897384 0.704752482775111 0.945041573516297 0.618355520600801 0.899526860530038 0.725627991517484 0.0998924743362355 0.896127058451201 0.920338270343023 -0.0747724157909081 0.926674764585406 0.533112808710832 0.926268288331073 0.916179533024428
"2472" -0.0251876773472675 -0.237619661639018 0.135495161386121 -0.15981518137398 0.151225278733373 0.422843570880226 0.219187330861931 0 0.563969273814735 0.0671842468060027 -0.032013205363959 0.465394474382255 0.359659015531855 0.157507597708436 0.264176736440175 0.462637907690544 0.509981968927117 -0.167364500917801 -0.12731889813555 0.43375953753437 0.266420890058847 0.569772385382714 0.353018700531794 0.520936987638313 -0.145833114916116 0.212111984299049 0.358032240563704 -0.0369926845652904 0.270127100100319 0.701041782837612 0.371915424357153 0.310122550962219
"3594" 0.0872615937258101 -0.424125444936374 0.346955827881641 -0.365224549101948 -0.324603696379869 0.517693323676139 0.112481892188254 0.563969273814735 0 -0.338247754688443 0.117119882566447 0.848229779763147 0.500986408057045 -0.272831150470835 0.168144213383918 0.341226064117791 0.659584904424786 -0.10255446088428 -0.15675751311181 0.529590432057875 0.162267402408789 -0.071821105363054 0.334892576776036 0.701546934104096 -0.0865775104985257 0.0873933247974484 0.326468648018376 -0.196443489707114 0.175053505687296 0.0923483374930643 0.360881262466332 0.246494673473716
"4377" -0.0364019785568651 0.419431464806991 0.0239587502896692 0.454048520921975 0.761536718453213 -0.146818300452102 0.0710859131861939 0.0671842468060027 -0.338247754688443 0 0.138362735269665 -0.113315435597835 -0.132695033900507 0.728858605071997 -0.0270838831444961 -0.101927817386428 -0.239119129416452 0.552724104649211 0.353443039098985 -0.190515205153618 -0.0331740763185629 0.27303003127414 -0.104577066457578 -0.236519462098254 0.487047228630294 0.0191443404197391 -0.105260134204945 0.684306106215301 -0.0371289165703553 0.350057280433168 -0.0629547143923304 -0.0603978664834446
"4859" 0.435880697517193 0.350303909012413 0.462987740345811 0.177016998933051 0.27235345800391 0.360836612687978 0.317611231168037 -0.032013205363959 0.117119882566447 0.138362735269665 0 0.0489133918592919 0.572009779889503 0.249211852639012 0.302103092939179 0.00990461492007449 0.318383924582796 0.111985035670176 0.428208861435434 0.271302122791717 0.307667088652005 0.0371600050769885 0.325859150637716 0.328311758965509 0.143507890219253 0.26827414320064 0.31205852588567 -0.013259175525065 0.296686053362173 -0.0344654011504202 0.293006922610312 0.296423759130586
"6283" 0.106858635875804 -0.369284878844469 0.449194992452137 -0.290400304002218 -0.245035865284997 0.421611655186261 0.0997199337660214 0.465394474382255 0.848229779763147 -0.113315435597835 0.0489133918592919 0 0.440414882675967 -0.189178416023946 0.085979779249442 0.280787056751103 0.51553880195221 0.226149553420317 -0.143368004708719 0.401745244680157 0.0696068175671544 -0.150983400825891 0.224752265346905 0.572047993352965 0.191292396534994 0.0813389148711379 0.207125758593476 0.142019429234999 0.0819756053950933 0.0827876618875998 0.282482676280093 0.15164005841728
"9180" 0.456465800616223 -0.00350645715150124 0.666746085060169 -0.102531831775287 -0.0535405446400206 0.743366517996639 0.608742415458245 0.359659015531855 0.500986408057045 -0.132695033900507 0.572009779889503 0.440414882675967 0 -0.0561508966187267 0.584830475959573 0.393332204312753 0.723680361772855 0.0626365845758779 0.189876844503534 0.628067397490531 0.587915438553597 0.275794716771979 0.666422590566312 0.752255256939706 0.0888364900606526 0.518790787368687 0.644783582461071 -0.0786533853875687 0.580051600350772 0.288747824815218 0.658166517953031 0.604539842159689
"43615" 0.00341042077545901 0.429714767421134 -0.0221272121406631 0.416868713503429 0.777106273872891 -0.039259874937855 0.120965207674664 0.157507597708436 -0.272831150470835 0.728858605071997 0.249211852639012 -0.189178416023946 -0.0561508966187267 0 0.0732119125870362 -0.0448555231353483 -0.106097500881207 0.27830172789591 0.378659487941712 -0.0727049072259733 0.0748726939553096 0.380288642493406 0.0155080931389909 -0.114840778891132 0.25733165258337 0.0975771134664609 0.0185192139398448 0.403792282128488 0.068738028930212 0.389148520171268 0.0235097748163872 0.0460907888022058
"51631" 0.00174514305781825 0.129324494073161 0.0911721132572865 0.194369118182915 0.102793951613036 0.8149306755569 0.928532367309556 0.264176736440175 0.168144213383918 -0.0270838831444961 0.302103092939179 0.085979779249442 0.584830475959573 0.0732119125870362 0 0.423404416995307 0.766599942881129 -0.0448318224888121 0.506873859381733 0.730281228059293 0.940100211679207 0.625751186656027 0.903360247018804 0.745705895878441 -0.00568804044204228 0.879629299087052 0.928639133750356 -0.19383616759647 0.921056700341533 0.523171043897762 0.92120637475063 0.916780356394212
"52367" 0.053071477444505 0.275448579387916 0.160430487259548 0.303774437728713 -0.0468520832034598 0.486530131951715 0.433083409850231 0.462637907690544 0.341226064117791 -0.101927817386428 0.00990461492007449 0.280787056751103 0.393332204312753 -0.0448555231353483 0.423404416995307 0 0.502027848637002 -0.125147302587148 0.000571262241110457 0.451158465169416 0.42896480902742 0.420823083141481 0.46469552736853 0.506703529543536 -0.105051650730931 0.385110859191807 0.472109774377966 -0.128965673917724 0.426767667367962 0.452346524646753 0.478505315985431 0.443763529803237
"53084" 0.105186113103362 -0.12705844408098 0.287468115388966 -0.0825385183315585 -0.111482244979032 0.898078809894374 0.738988702291882 0.509981968927117 0.659584904424786 -0.239119129416452 0.318383924582796 0.51553880195221 0.723680361772855 -0.106097500881207 0.766599942881129 0.502027848637002 0 -0.147952386515434 0.271941044122874 0.836026148438271 0.776380313598742 0.419865222830908 0.853491188167117 0.946923426806265 -0.102159134614363 0.687056448406133 0.86470974721018 -0.308241626267532 0.770758307351234 0.420242852943327 0.871752816411513 0.810822546125007
"55789" -0.10220214285404 0.144958240477421 0.188122986075747 0.297859817948373 0.275217203454132 -0.0873207718988536 0.0786734645703216 -0.167364500917801 -0.10255446088428 0.552724104649211 0.111985035670176 0.226149553420317 0.0626365845758779 0.27830172789591 -0.0448318224888121 -0.125147302587148 -0.147952386515434 0 0.263460364467592 -0.120183409779176 -0.0598850551288341 -0.14301450698382 -0.0956152001040922 -0.129192549640827 0.837967441739521 0.000296321868151909 -0.0945891890482325 0.874992658998359 -0.0565486355516863 0.00899186844167428 -0.00310178365516956 -0.0572088487503739
"55929" -0.118220501573132 0.551633693832906 -0.0880845589067754 0.52186802353162 0.420456574870709 0.332687111899579 0.534082476897384 -0.12731889813555 -0.15675751311181 0.353443039098985 0.428208861435434 -0.143368004708719 0.189876844503534 0.378659487941712 0.506873859381733 0.000571262241110457 0.271941044122874 0.263460364467592 0 0.292018947478248 0.518894907843695 0.268081416019391 0.445028349924769 0.244574168170234 0.26902582390277 0.510966383591886 0.469736143548565 0.141024726094837 0.508447148572849 0.166706140656963 0.467268214467253 0.486505340517764
"56804" 0.0331923397700293 -0.0917439408235507 0.193113750081703 -0.0236834089004182 -0.072618057196967 0.804442663525891 0.704752482775111 0.43375953753437 0.529590432057875 -0.190515205153618 0.271302122791717 0.401745244680157 0.628067397490531 -0.0727049072259733 0.730281228059293 0.451158465169416 0.836026148438271 -0.120183409779176 0.292018947478248 0 0.741574577077288 0.427159848422162 0.790815046215847 0.838191279444666 -0.0787576600935958 0.664776318530721 0.807509864302314 -0.266477331632983 0.735744887900797 0.411042314654773 0.811545602835706 0.762630265669686
"57211" -0.0052454837191751 0.134783547198469 0.0785730716598747 0.201368347634585 0.105971157688873 0.827652528775255 0.945041573516297 0.266420890058847 0.162267402408789 -0.0331740763185629 0.307667088652005 0.0696068175671544 0.587915438553597 0.0748726939553096 0.940100211679207 0.42896480902742 0.776380313598742 -0.0598850551288341 0.518894907843695 0.741574577077288 0 0.644845983809554 0.917812075622984 0.755311686780048 -0.0177783128265442 0.898049557874871 0.948156916919555 -0.210474673164978 0.941414512470395 0.534209660478245 0.937243535482218 0.933727581341347
"57716" -0.130866663865428 0.138661629038723 -0.129695909183974 0.222284836885417 0.427993476595882 0.454757587808838 0.618355520600801 0.569772385382714 -0.071821105363054 0.27303003127414 0.0371600050769885 -0.150983400825891 0.275794716771979 0.380288642493406 0.625751186656027 0.420823083141481 0.419865222830908 -0.14301450698382 0.268081416019391 0.427159848422162 0.644845983809554 0 0.582538781924357 0.380956525627714 -0.107710760178845 0.614529265328624 0.610399460445804 -0.0270622981610643 0.632682482089402 0.887452087313915 0.58756533769216 0.614158568223746
"59602" 0.0568761147628166 0.0567505069355722 0.170396799299801 0.104896539496864 0.0359869432694617 0.874351254263744 0.899526860530038 0.353018700531794 0.334892576776036 -0.104577066457578 0.325859150637716 0.224752265346905 0.666422590566312 0.0155080931389909 0.903360247018804 0.46469552736853 0.853491188167117 -0.0956152001040922 0.445028349924769 0.790815046215847 0.917812075622984 0.582538781924357 0 0.839357232377436 -0.0507224115184443 0.845284822573766 0.940402033160032 -0.254580197442572 0.905701600660813 0.504046789965589 0.93581711758719 0.913019115718742
"60900" 0.173287112743105 -0.130366526721609 0.365196297544314 -0.114158908214563 -0.121793267292212 0.911650980008319 0.725627991517484 0.520936987638313 0.701546934104096 -0.236519462098254 0.328311758965509 0.572047993352965 0.752255256939706 -0.114840778891132 0.745705895878441 0.506703529543536 0.946923426806265 -0.129192549640827 0.244574168170234 0.838191279444666 0.755311686780048 0.380956525627714 0.839357232377436 0 -0.0875195119930766 0.661487784132185 0.844598661086411 -0.295760378518411 0.748595686079435 0.400699278255962 0.858616294444386 0.787073214247653
"65953" -0.0862054073628657 0.140761195716529 0.170210816023355 0.280993073867255 0.252105516755968 -0.0486324244925286 0.0998924743362355 -0.145833114916116 -0.0865775104985257 0.487047228630294 0.143507890219253 0.191292396534994 0.0888364900606526 0.25733165258337 -0.00568804044204228 -0.105051650730931 -0.102159134614363 0.837967441739521 0.26902582390277 -0.0787576600935958 -0.0177783128265442 -0.107710760178845 -0.0507224115184443 -0.0875195119930766 0 0.0319350451073044 -0.0484521246765772 0.764224995316343 -0.015461768035744 0.0161646845585064 0.0291753825305669 -0.0166013300363345
"67117" -0.0363869212993171 0.150268835537748 0.0475399610649681 0.229389623309451 0.128693875178841 0.743091933400631 0.896127058451201 0.212111984299049 0.0873933247974484 0.0191443404197391 0.26827414320064 0.0813389148711379 0.518790787368687 0.0975771134664609 0.879629299087052 0.385110859191807 0.687056448406133 0.000296321868151909 0.510966383591886 0.664776318530721 0.898049557874871 0.614529265328624 0.845284822573766 0.661487784132185 0.0319350451073044 0 0.876196258882961 -0.13628921019961 0.883855094637485 0.509430753682944 0.868404289561361 0.870678268741987
"67650" -0.0137126950265738 0.0448898498888743 0.107487751818627 0.128986171407764 0.0386147795906078 0.879027807855195 0.920338270343023 0.358032240563704 0.326468648018376 -0.105260134204945 0.31205852588567 0.207125758593476 0.644783582461071 0.0185192139398448 0.928639133750356 0.472109774377966 0.86470974721018 -0.0945891890482325 0.469736143548565 0.807509864302314 0.948156916919555 0.610399460445804 0.940402033160032 0.844598661086411 -0.0484521246765772 0.876196258882961 0 -0.254327522823344 0.934577835880568 0.529677197998027 0.962040511464278 0.940577479325925
"68019" -0.14855193178856 0.139445435704883 0.109044508199626 0.299595152208635 0.402100568126197 -0.25481467514106 -0.0747724157909081 -0.0369926845652904 -0.196443489707114 0.684306106215301 -0.013259175525065 0.142019429234999 -0.0786533853875687 0.403792282128488 -0.19383616759647 -0.128965673917724 -0.308241626267532 0.874992658998359 0.141024726094837 -0.266477331632983 -0.210474673164978 -0.0270622981610643 -0.254580197442572 -0.295760378518411 0.764224995316343 -0.13628921019961 -0.254327522823344 0 -0.205030845245705 0.153606643695306 -0.166304671954863 -0.210081488143478
"68842" -0.0221097616330518 0.11949572818946 0.0665655030529202 0.195683900834232 0.0978464453110658 0.813768825996773 0.926674764585406 0.270127100100319 0.175053505687296 -0.0371289165703553 0.296686053362173 0.0819756053950933 0.580051600350772 0.068738028930212 0.921056700341533 0.426767667367962 0.770758307351234 -0.0565486355516863 0.508447148572849 0.735744887900797 0.941414512470395 0.632682482089402 0.905701600660813 0.748595686079435 -0.015461768035744 0.883855094637485 0.934577835880568 -0.205030845245705 0 0.530034345092377 0.92784086201506 0.928342497382275
"69344" -0.146802302015618 0.0319204155419085 -0.0370293341793553 0.15896934185655 0.418771249054653 0.437555883801225 0.533112808710832 0.701041782837612 0.0923483374930643 0.350057280433168 -0.0344654011504202 0.0827876618875998 0.288747824815218 0.389148520171268 0.523171043897762 0.452346524646753 0.420242852943327 0.00899186844167428 0.166706140656963 0.411042314654773 0.534209660478245 0.887452087313915 0.504046789965589 0.400699278255962 0.0161646845585064 0.509430753682944 0.529677197998027 0.153606643695306 0.530034345092377 0 0.538391106616007 0.525695486207502
"69682" -0.0214030566386842 0.0260575163867616 0.146437203786364 0.130434177211334 0.0387740676717805 0.887803421057909 0.926268288331073 0.371915424357153 0.360881262466332 -0.0629547143923304 0.293006922610312 0.282482676280093 0.658166517953031 0.0235097748163872 0.92120637475063 0.478505315985431 0.871752816411513 -0.00310178365516956 0.467268214467253 0.811545602835706 0.937243535482218 0.58756533769216 0.93581711758719 0.858616294444386 0.0291753825305669 0.868404289561361 0.962040511464278 -0.166304671954863 0.92784086201506 0.538391106616007 0 0.937028341316293
"69935" -0.0225711405194495 0.0806073237571597 0.0890258339320069 0.164625087568275 0.070064849304854 0.840186426078704 0.916179533024428 0.310122550962219 0.246494673473716 -0.0603978664834446 0.296423759130586 0.15164005841728 0.604539842159689 0.0460907888022058 0.916780356394212 0.443763529803237 0.810822546125007 -0.0572088487503739 0.486505340517764 0.762630265669686 0.933727581341347 0.614158568223746 0.913019115718742 0.787073214247653 -0.0166013300363345 0.870678268741987 0.940577479325925 -0.210081488143478 0.928342497382275 0.525695486207502 0.937028341316293 0
