"7" "63" "67" "75" "129" "144" "146" "149" "150" "153" "154" "156" "401" "431" "575" "579" "693" "724" "1128" "1480" "1497" "1595" "1709" "1891" "1906" "1911" "1925" "2154" "2159" "2174" "2262" "2297" "2345" "2403" "2407" "2496" "2521" "2600" "2606" "2607" "2608" "2614" "3094" "3203" "3206" "3275" "3278" "3352" "3432" "4143" "4161" "4396" "4519" "4792" "4852" "4900" "5703" "7215" "7353" "8057" "8362" "8971" "10498" "15479" "16245" "16638" "16639" "16640" "16657" "33949" "38218" "46745" "49746" "49948" "50277" "50282" "50352" "50850" "51112" "51168" "51211" "51214" "51322" "51497" "51673" "51675" "51899" "51967" "52134" "52200" "52286" "52966" "53634" "54098" "54217" "54403" "54530" "54532" "55776" "56401" "56644" "56704" "56812" "56880" "56910" "57029" "57362" "57457" "57551" "57623" "57654" "57948" "57999" "58474" "58514" "58692" "59225" "60676" "61626" "61900" "62345" "63054" "63067" "63085" "63425" "64206" "64261" "64454" "65389" "66699" "67013" "67245" "69105" "69694" "70710" "71439"
"7" 0 0.480457141833417 0.837292548521238 0.661873782429127 0.796276853128591 0.229939669560701 0.761655780156596 0.629265435248907 0.388867654139539 0.677768819747352 0.885088614120796 0.397903385167517 0.876377059554317 0.792176903246204 0.674064592155075 0.561163346749844 0.563867620189165 0.592406436514081 0.664923105793343 0.222765365569055 0.169983053393171 0.208463043051291 -0.0289527020851856 0.0523554525949878 0.00984103828580159 0.125501208835898 -0.0171983021945721 -0.00202928142787818 0.169033001187852 0.397640832795439 0.00428471672069208 -0.0557034762082139 -0.00551432731915846 0.335576644526904 -0.0150569213855632 0.00798910454550956 0.00504376989215672 0.183728675959914 -0.00933627733370492 0.0595984371046665 0.046002375079492 0.365772967979505 0.212063320792652 0.489918623810767 0.655494223562031 -0.0609912104804005 0.345791220981766 0.276518570721917 0.590911232369725 0.284112993419563 0.389760910724941 0.0240886372116598 0.485366180064234 0.629412703297565 0.856871372498247 0.225137385209486 0.469401704392789 0.169646282123626 0.163658917087443 0.50645431427247 -0.0561985842130315 0.0472244602556594 0.465795960070746 0.0311561280717788 0.13611750365803 0.348170369424863 0.358832165185412 0.364320251914178 0.101903005270952 0.061097718620898 0.816027394865305 0.163098601451223 0.156044872527035 0.142130709457352 NA 0.0693652719561117 0.620324085104098 0.328431910183842 0.425033435727825 -0.0244114716132678 0.150402499521815 0.155200452622906 0.00286685164770727 0.30218979553738 -0.143939056119073 0.142833619815845 0.265431062225832 0.339391805529076 -0.0111412985876862 0.161704367272058 -0.0180912710616881 -0.0713053843611645 0.522665864844908 0.476986638497323 -0.105341243093086 0.377155517826256 -0.0210746349803372 0.0591359448657003 0.273457555940793 0.307385608395407 0.15379165029312 0.466403403447773 0.0345162793042001 -0.111665721122491 0.057250055522464 0.152178958722084 0.00501236885810527 0.196110389087879 0.114465326925724 0.0461528370404807 0.181607322368466 0.222044407853127 0.0490840562619703 0.174774763684853 0.274880620264956 0.174071577041528 0.178057326825261 0.175664094746936 0.123743994650394 0.224702207843318 0.154655943953407 0.530583503630616 0.142119952886215 0.414627464509546 0.173329866712111 0.0880984403559046 0.217516061947399 0.536455631814862 0.131168107504455 0.115742117251465 0.167246058299984 0.155700045229529 0.159492980119442 0.30305437809022 0.498242657457751 NA
"63" 0.480457141833417 0 0.242760759153154 0.568459290349899 0.486440300355176 0.427422061467883 0.333195050990516 0.576759080441176 0.0789958493989771 0.453638684822459 0.526818988304877 0.60629698618091 0.410904978753234 0.458272783568484 0.378918984161399 -0.0663725791525487 0.57838194143433 0.524477462957763 0.353577012753856 0.22064657954812 0.208025118185627 0.0383372503417023 -0.15322721424473 -0.0235504480036238 -0.289658318741545 0.0597854355929073 -0.157399772347052 -0.0903353258466187 -0.0770089793857744 0.521310019681488 -0.0710044846590876 -0.202975000329552 -0.0874526222105071 0.342500968296665 -0.125930867199793 -0.0809783596686074 -0.039548073818753 -0.0224446106324705 -0.321597371238113 -0.273491174548913 -0.21833662852756 0.126807368431113 0.265682222035721 0.48507334608603 0.573660381722938 -0.247213922231897 0.155115036653675 0.212533061693495 0.0588626927794734 0.18859371104571 0.578472763416877 0.220587377646672 0.395314350299192 0.428293198854485 0.46564170454296 0.812919125896391 0.229979432021527 -0.0915645216527796 0.162367486699986 0.251569845237883 0.024888076071768 -0.0385684907574632 0.598891875271069 -0.0947825824320985 0.118788109082594 0.311245200256134 0.246154871644127 0.319878481210102 0.0571879964210178 0.537104636104387 0.236537823177979 -0.0344172813452661 0.171133375890313 0.161817878231643 NA 0.029050659327903 0.275312838467034 0.221147682362782 0.496145516591743 -0.177615892992759 0.182502974685901 0.158291675355042 -0.051973430276945 0.207555636545399 -0.218543765748631 0.146504002559754 0.100709054229434 0.438338001019969 -0.114058093335746 0.149795465587941 -0.0979211455103688 -0.0282051738831827 0.376243590362683 0.297480799963758 -0.305825129389437 0.400377672148558 -0.102917917731376 0.0281248229189908 0.131347951582402 0.343692652611734 0.180060475451092 0.406398214083689 0.266436262341982 -0.178597958710407 -0.11434556143365 0.153647182248735 -0.043804476550428 0.797667723951517 0.335665141217792 -0.0785418253486438 0.226373191450379 0.290826503405194 0.621849944484577 0.223425132309634 0.375215191621009 -0.0745696395200218 0.223634183999099 0.193736134453456 0.711309961536585 0.0896297978724175 0.178184053760392 0.506961849716237 0.115057437444812 0.551976173241452 0.197177713972912 0.320744283752387 0.224061646912137 0.565070495682598 0.380056389843807 0.0386690898311897 0.200710014053089 0.182919074506725 0.188785275244026 0.127335582298648 0.444631464116197 NA
"67" 0.837292548521238 0.242760759153154 0 0.231325285282959 0.46764945686445 0.0422353092156041 0.517077900500591 0.191933424043464 0.218686583284105 0.288661570144744 0.641805997840939 0.165908616466976 0.704103923738329 0.510403055686601 0.312982398943906 0.605453204396164 0.0794796700502135 0.147436683091569 0.326141241913539 -0.0169272407608222 -0.0358841605010134 0.127222254760641 -0.0934948483390871 -0.0539633714148843 -0.026684601279482 -0.0639870812034445 -0.0527888670154763 -0.068288757887512 0.022682082571783 -0.0111108530482867 -0.0631226345139615 -0.105745518743059 -0.0766330957955649 0.086283451466384 -0.0882205497780101 -0.0632513170494537 -0.0261477645041126 -0.021479548252956 -0.0490833664272484 -0.0246054071288671 -0.0398232760361749 0.228775966007455 -0.0229733707889496 0.165898751250703 0.205902107554278 -0.111161260164014 0.0611119392033903 0.0900518924877223 0.615829357212077 0.0719762063721155 0.0209981140031278 -0.0677335103986054 0.235081863857031 0.22382593313331 0.559196493524253 -0.0629742161671441 0.199909606374876 0.0720913797103463 -0.0485480592116694 0.149225229958813 -0.0814188403666565 -0.0734155115656419 0.0749886602708791 -0.0419283070093872 -0.0738878645618124 0.00713289331177043 -0.00330782375818228 0.00706197641935518 -0.0703970580494989 -0.0648075211122665 0.80240544563415 -0.0117574000634467 -0.0515432396732487 -0.042415610505187 NA -0.0677544621342655 0.377517941528699 -0.00697957536145378 0.0358141828432833 -0.0649386663168125 -0.0470079254899529 -0.0529744979829232 -0.065646664712376 -0.00186695657408062 -0.0949005286377661 -0.0499214359089321 -0.0195397569553757 -0.0306663684095964 -0.0605671306923917 -0.0506924958088194 -0.0744497822261931 -0.0653510228091358 0.0943018329657083 0.143213522041624 -0.0979959144680946 0.0354358420310437 -0.0697098380770412 -0.0606242157411429 -0.00666003611050435 -0.0432920954604555 -0.0514260836003428 0.0260515301390402 -0.102587600859918 -0.0851764238958222 -0.0362700864279478 -0.0476288817590677 -0.0555905908528519 -0.0225581320267874 -0.0609772508510026 -0.0630406817237317 -0.0458545202287381 -0.0382346853556819 -0.108882177691948 -0.0397940251920052 -0.027980422374635 -0.0284957085052507 -0.0523101567149281 -0.0602079681809699 -0.084296479058 -0.0202506050402104 -0.0540353184943287 0.0613369466302351 -0.0765646908430933 0.00629683966441498 -0.050613779966871 -0.0744078877145599 -0.075191761304366 0.120699288947513 -0.0485903170769286 -0.0792412401365706 -0.0520032846659967 -0.0545111413807497 -0.0493325674518955 -0.0198815698471455 0.0125789009994046 NA
"75" 0.661873782429127 0.568459290349899 0.231325285282959 0 0.759786247090926 0.341459418930536 0.588560180871894 0.946382436276037 0.545547253200556 0.825597927248177 0.842006811334855 0.478196637791115 0.722975850129316 0.665447930943886 0.803367081892439 0.260102666059166 0.929346859892382 0.818684881764615 0.687925160009497 0.294539586935896 0.170728747528511 0.122715920381653 -0.0605535078966505 0.0328046930433957 0.138943344545723 0.153974484677018 -0.0699131062123159 -0.0591897882902074 0.127676768566645 0.679026660950526 -0.0448209339840029 -0.0712883782877144 -0.0554633047361639 0.696789611039258 -0.0745956800928429 -0.0447761182144654 -0.0219360600337067 0.402415420932715 0.0698778336232968 0.13548616272661 0.240889877080433 0.288916595370767 0.255172047903058 0.713088572421883 0.944328532631811 0.0619757588320974 0.35583008361166 0.237202367812775 0.183364070364866 0.409414328829547 0.798572505124281 0.337744396747099 0.436109649008696 0.905153030724673 0.791620298441094 0.580023948418785 0.400613771494843 0.337470894445108 0.157889925180748 0.612592401815296 -0.0773401964317383 0.0928540725398218 0.789075903708208 -0.00716951162551667 0.149320709687118 0.776718430632404 0.601096632087514 0.78107808521957 0.124168938398373 0.046430369687006 0.323567911894878 0.165242079598804 0.146521501009626 0.130701215588247 NA 0.144927221244262 0.744518432970269 0.666332498531394 0.873017677178354 0.0954383461555947 0.140245317748516 0.193429405470746 -0.0448585729043783 0.371991290182012 0.00614719244247859 0.14664433519919 0.386153742245044 0.577763800654778 0.0635646033579502 0.150838220759818 -0.0593482614705408 -0.130727958842669 0.855256467924485 0.799944173201546 -0.0474949740301778 0.564745667898926 -0.0579144966854049 0.127214686874405 0.316623493201634 0.533420966308326 0.133270928435307 0.82461086819413 0.0205158137874746 0.0943290122687188 0.289669731903284 0.128665155860765 -0.0351541549411273 0.311092817837531 0.24131622277538 0.108277410565568 0.181506490130678 0.292616568103426 0.108297793035826 0.193482988836885 0.423001577697097 0.314022836607978 0.170002115063017 0.208964485941397 0.216473694511038 0.549437355755925 0.142373801883542 0.807465993995711 0.243892727965553 0.730623903980818 0.206868218045651 0.143127965018246 0.396315612128951 0.935715148193536 0.169405537861 0.332025382061423 0.186545847249409 0.132800350713083 0.137773643364703 0.44154239628749 0.890675512527983 NA
"129" 0.796276853128591 0.486440300355176 0.46764945686445 0.759786247090926 0 0.346724406999898 0.861432976881316 0.74527362874761 0.385849656229588 0.839228808807266 0.773507881469635 0.461713137675568 0.749412176887975 0.875384661955848 0.824350206056844 0.39326738138307 0.773223639944804 0.852938530968225 0.854994565098006 0.479241608827809 0.434942570649663 0.283899289991215 0.150231879864103 0.222467668219531 0.0433896594263017 0.418495381611504 0.121225040031564 0.168801559060052 0.369473887316582 0.654923249914812 0.165428945259829 0.113823112681225 0.170091175036237 0.264347986264553 0.183808138113969 0.176916431960353 0.0816026593258442 0.292715542174104 0.0799362009061794 0.17874301987228 0.0848800558433253 0.494011062079025 0.454327382828346 0.583568971904061 0.789287722850939 0.0292841073150691 0.662066220311314 0.481698619717277 0.483208479953853 0.422202607763266 0.446735310800662 -0.0223025960040295 0.646060948155689 0.761961979660887 0.900953683077824 0.308106716168777 0.725567892891334 0.18427852917884 0.463646650369571 0.781950812167732 0.0259038176003138 0.263934571859394 0.584593020583495 0.184018106120091 0.454355528791244 0.421806400444652 0.617210096172572 0.464721614988796 0.373004812115814 0.255048099041542 0.710013632118814 0.377346043578533 0.45443539115551 0.403170567861105 NA 0.208447125869393 0.597049917600997 0.493819870663307 0.482388720888149 0.0575204766193277 0.426836159152831 0.426446087846895 0.160401963878252 0.61758044820658 -0.201123477527028 0.41502920017005 0.557634320285745 0.59208758960093 0.0540338439824529 0.476568220734242 0.13578719010232 0.00272225352840811 0.726858755758995 0.554042306969128 -0.0330590609539535 0.624516484336847 0.119458575447429 0.179432391716923 0.589198686459502 0.593321721618349 0.448129738498103 0.692660109530156 0.267107134172167 -0.19360924625037 0.0785113063683158 0.45640669825208 0.141191236755978 0.36325172653637 0.243114480751288 0.25475955475533 0.478950234146812 0.484455045257184 0.266709793275631 0.436192799874898 0.518036930709471 0.39657805339039 0.493287886246787 0.483562501823523 0.321885111977722 0.324861600342747 0.454735461146476 0.806541559709994 0.415371790713976 0.614069005417178 0.45484265525508 0.267901549116251 0.509015663937191 0.601900444421511 0.33145383148029 0.294586674082875 0.454356175483782 0.469191347655216 0.466149967218189 0.626752218956773 0.758325732139817 NA
"144" 0.229939669560701 0.427422061467883 0.0422353092156041 0.341459418930536 0.346724406999898 0 0.291835326891675 0.337819498974567 0.11866603153373 0.36437122443323 0.262557719806145 0.763218530462758 0.228735644117164 0.321661069662733 0.317721290025663 -0.0784512242877543 0.369841625629251 0.366666401649161 0.326394322596304 0.322477457449521 0.2850518970838 0.019229094148912 -0.0258531236972295 0.0180904224039638 -0.118938693200112 0.287379254877676 -0.0343164941905464 -0.00244973791222769 -0.00506419435664594 0.435088241755009 0.00277935813095844 -0.046572265791351 -0.000631296176892648 0.0791591237067624 -0.0107103082514731 -1.03669657465612e-05 -0.00106606784837704 -0.0160796471310196 -0.11751911119133 -0.0976393964023837 -0.0958987456653029 0.26827954710705 0.296921604452579 0.655059164955912 0.351982580497417 -0.0863923974080582 0.272510613578507 0.2891608421418 -0.0131786205501413 0.581241535585575 0.300226238035037 0.100730795803929 0.364050465931739 0.318551902353069 0.315215282609929 0.381709380451251 0.285082553205347 0.0415925397514327 0.307163583563185 0.315542872617845 0.290360805995708 0.190905028419862 0.381179119535715 -0.0109334457588776 0.309004948161043 0.204506889636016 0.280276302540144 0.220113247563193 0.257029182589656 0.327280204089418 0.170989876098828 0.0122947565660493 0.303080646023566 0.265954971511255 NA 0.0267724113449001 0.203449363828032 0.220980600491828 0.250170360065334 0.0635103816407034 0.281802036154875 0.286940940422998 0.00968934939482637 0.282052327571002 0.0395012605905529 0.274365936214061 0.235129099822803 0.397654065647014 -0.0379958348335635 0.314872176059498 -0.00830835882117673 0.192395496650589 0.316323347596036 0.227237307110141 -0.106021222391345 0.404103338035212 -0.012732109381575 0.0242582848956138 0.250132689716709 0.402003470415636 0.295895762106827 0.320531466263194 0.694778094004951 0.035725551838834 0.014705949231949 0.29917750002114 0.0085797878749018 0.421420526757342 0.540047818874467 0.178375770972153 0.315168082738277 0.320653328228534 0.370198283570118 0.287446965210244 0.343696160882995 0.146741653060535 0.325198721396166 0.322396430787311 0.390776045810928 0.137788270784064 0.301288561837075 0.377358829717523 0.288267708387756 0.407403300478977 0.303480502046054 0.615916519804547 0.353431784809381 0.289755758891502 0.737783143025706 0.221487127676252 0.302308628341106 0.306553456310131 0.305470779474075 0.26629307021288 0.353798981516787 NA
"146" 0.761655780156596 0.333195050990516 0.517077900500591 0.588560180871894 0.861432976881316 0.291835326891675 0 0.56698707322847 0.436759482556135 0.783802648950562 0.674684848937929 0.331077013347138 0.728523084943896 0.849035845972309 0.810003658020057 0.506969922896287 0.588000900030298 0.70561883972897 0.87776540797463 0.531077799084488 0.475847526748877 0.297801415418773 0.235165722470575 0.247854414300458 0.163072390432527 0.565012348062688 0.210833817486559 0.229218298385995 0.433418515631546 0.55662042749773 0.21548823842797 0.219538082805036 0.227856330531664 0.0568641221036766 0.262112356473518 0.232658030511577 0.108856857927706 0.283044195919701 0.22462087062021 0.306660234983029 0.161574991426389 0.627943072657102 0.459857577343453 0.485630161253419 0.62913866861965 0.127233139586935 0.762763993880697 0.544732358726195 0.559248732866686 0.473410002445201 0.205725696265701 -0.0394211811790249 0.650803922816703 0.684641981838966 0.876583634476629 0.150556234064861 0.80231062751869 0.280661308024804 0.552054132612563 0.831153785732132 0.0172475202658136 0.414986011706504 0.395465305218858 0.24481238873239 0.567504790330918 0.307542961735447 0.618943788808529 0.356716009492733 0.500537899013048 0.276336375667644 0.823430414200667 0.413515138751684 0.534117992545 0.464582969754338 NA 0.192047072105141 0.590052163148379 0.466086950736884 0.266033121553499 0.220976151945917 0.489312104826228 0.503104535333504 0.200474522407834 0.650951487826068 -0.133401414751385 0.493575915728995 0.642119533989393 0.528233128423439 0.0982843429456916 0.581741822606022 0.195356914910521 0.0248540888442893 0.665001946662717 0.499761897140775 0.100554054516338 0.605285764828382 0.179919059043302 0.16327964736616 0.665199648899128 0.600422811523811 0.518213528859905 0.603278420102964 0.306007901944944 -0.153593762438146 0.154092001388703 0.544894577054356 0.175272690367445 0.301171340738801 0.18205413481224 0.411016490998885 0.526544687600422 0.483806791333369 0.28455469896063 0.479438495841089 0.467588178709809 0.541189319704481 0.555455270520443 0.557026118010454 0.276112011897419 0.329406988278269 0.533891264793971 0.690594201267288 0.517385722337919 0.477098350328934 0.51202295909193 0.253278421432068 0.570953430330774 0.382709889306144 0.309654218213564 0.395846531264126 0.517698766655738 0.538005564124871 0.532518960458184 0.710250013628973 0.658518723426418 NA
"149" 0.629265435248907 0.576759080441176 0.191933424043464 0.946382436276037 0.74527362874761 0.337819498974567 0.56698707322847 0 0.461994435456585 0.805398811994011 0.803055081018883 0.504158091608943 0.671604435271984 0.659189289422051 0.762202992450164 0.196656518678437 0.922317647166031 0.823635086013481 0.664484792310539 0.298599312005862 0.199166712508426 0.132725221395988 -0.0476971901433918 0.0598060938408276 0.0691977253080449 0.142675217492552 -0.0644511461010821 -0.0347109538458982 0.141181118914524 0.687518878152038 -0.0218376072175559 -0.0702010918799904 -0.0300708030869766 0.667321368375954 -0.0499113115666719 -0.0204340287361377 -0.0112005323750572 0.371365548912928 0.0137756093720043 0.0884548015354492 0.173813752420695 0.247803632111642 0.281634000556124 0.693193460996006 0.932970101428149 0.0202538772916361 0.35995656752592 0.243696522980685 0.16861323967444 0.37250312593849 0.797153305008997 0.268162658817964 0.443877319553337 0.859458626137326 0.761029009170089 0.573912422803644 0.405920298556049 0.252750983954263 0.176274400879597 0.590830191973837 -0.0471438593586338 0.0642259205688379 0.78925359173498 0.0068294155107476 0.15756510662631 0.725661983013905 0.581439757591705 0.733712904818995 0.117866282379798 0.0777526779797084 0.295899896040245 0.184724665352336 0.171364836606261 0.154372080187536 NA 0.161460003192829 0.672514015691469 0.619220701366658 0.85145793902696 0.0254103013391782 0.166846166667002 0.201755802421017 -0.0171850252183887 0.38743412030098 -0.0548816083156847 0.162779263657472 0.370884383607291 0.587519199915853 0.0448832368722106 0.166846440688992 -0.0403423643357182 -0.106013927764917 0.816582597508354 0.737329128441754 -0.0911597147838916 0.557220072054184 -0.0429033349621802 0.141830234619074 0.325012395385434 0.523776562861764 0.160230095409414 0.803528334641144 0.0575660878707417 0.0253586784266327 0.211191902273083 0.149788834624084 -0.0114149614816669 0.336333620595205 0.260087290905621 0.06467347771604 0.21393185878433 0.319562986034883 0.130667659417236 0.221857573722364 0.446174478756306 0.260702444474986 0.201873125322765 0.226828651375066 0.252342680810272 0.484826940392176 0.17031218197378 0.818675621407266 0.231820988932311 0.739469988225624 0.225149083670112 0.174165214859985 0.387502542074736 0.918781609816468 0.205929877238107 0.276651133149459 0.209653922487193 0.162988336317177 0.172425743488631 0.427662147776964 0.873432590211642 NA
"150" 0.388867654139539 0.0789958493989771 0.218686583284105 0.545547253200556 0.385849656229588 0.11866603153373 0.436759482556135 0.461994435456585 0 0.538582875532066 0.560862179044171 -0.0416154092392625 0.645475110566219 0.280502502860902 0.693113765902385 0.59288922141417 0.341854342605746 0.289012062460268 0.516251225293275 0.199867025805539 -0.0714261527744415 -0.0562098171406119 -0.0314616711552385 -0.150888902604951 0.747407173626288 0.329111774715548 0.010805462965442 -0.151953344856199 0.0259181683624861 0.247005212919043 -0.160758448490077 0.0678699473925181 -0.159154428868112 0.439986323422872 -0.142578757277072 -0.149968517082505 -0.065516138889964 0.487761590371208 0.629143076392105 0.576104998123075 0.754081775550942 0.564095384684166 -0.0420129797631046 0.461073794730619 0.459890857245891 0.48512670265774 0.251386043085074 0.124954157898698 0.126597004418672 0.566046458803703 0.266816483445732 0.760484372722834 0.138237401352461 0.754998612467174 0.558814492210522 0.275340948128093 0.211917592123571 0.938469003833105 0.044908280978075 0.549926506817638 -0.26907366342654 0.431552795035155 0.256366499959899 -0.0448722955707287 0.149858439702442 0.763364161317873 0.503761493767861 0.737015976809879 0.250416972160685 -0.189677991232139 0.288515335681185 -0.0146458937124731 -0.00861737747722862 -0.0392367016027348 NA -0.03839468961363 0.911071398254164 0.742722133480398 0.496247901264821 0.770772377098272 -0.0635610193692854 0.135753237948279 -0.189722322128828 0.11736104093476 0.569891979726346 0.0464679773468901 0.433163852217351 0.237535609907195 0.241733922473168 0.0726503423494264 -0.11037454792721 -0.234778043259657 0.733197097501846 0.885026346256067 0.463623935508004 0.35287388051946 -0.0786706753925728 -0.0357932271496869 0.201269842167174 0.420067757650857 -0.0701968400513969 0.572897963762472 -0.207110889592868 0.657620513584247 0.877176506220921 0.00203502356980015 -0.156034910413342 -0.0302503082863531 -0.0401350475871405 0.577700842108028 -0.0903403626130706 -0.0204797464216665 -0.0557002098683674 -0.0680412915987579 0.0357141691461087 0.752039890169841 -0.0892528218835245 0.0854292204479283 -0.15949336240091 0.851750679253929 -0.0427061583704727 0.273040385109144 0.368547403591118 0.270890253081416 0.0474634171968149 -0.15731764080617 0.419802735579042 0.468428957844109 -0.161559382962478 0.752090023539968 0.00136660669621576 -0.0732364663596546 -0.0803046324803505 0.462572263206778 0.594167472345403 NA
"153" 0.677768819747352 0.453638684822459 0.288661570144744 0.825597927248177 0.839228808807266 0.36437122443323 0.783802648950562 0.805398811994011 0.538582875532066 0 0.754380067098851 0.414833618631097 0.722801976968383 0.774718127524243 0.86019989808248 0.367070068412666 0.813423948431379 0.81625299591343 0.83723604891026 0.491577801550542 0.369532203907759 0.215470910277737 0.120357851701104 0.16473171538785 0.198921438272429 0.431895812307826 0.0972016214467093 0.109348036021492 0.318080698845787 0.68085191613749 0.106527386046289 0.110180908297991 0.111420625812642 0.389753884850214 0.124261755462636 0.118093415292964 0.0544435285832509 0.391872772701907 0.199019225828549 0.275037350851872 0.251549812523047 0.506674223827437 0.402037591846612 0.639529627426143 0.838870094271118 0.140870961012755 0.625718142918996 0.433395868114554 0.339879452106892 0.501312369493735 0.533931468121534 0.185908961393239 0.575031196839255 0.858116369571813 0.857707584422602 0.400511604605744 0.653448415532025 0.363381901706754 0.414423150896007 0.798520978234057 -0.0275568339938116 0.318774597559197 0.634693483978807 0.145145935332214 0.429392954521225 0.602628679287377 0.685466453004199 0.630521558924514 0.380059133860937 0.187966348400626 0.543739550834739 0.328655395079748 0.396390656346346 0.344904899149302 NA 0.194750338715674 0.703482488230832 0.64432303880159 0.611450470353194 0.213980271823253 0.361399497431639 0.41969384395563 0.0978568715305477 0.574574442063428 -0.0402726686286524 0.372880655721233 0.593990644399556 0.616587660445841 0.10804816082607 0.427500934794814 0.0918259854919051 -0.0509759192616154 0.838947581852549 0.710476911476653 0.0671500868858301 0.651722001335876 0.0839722844489112 0.167904146465207 0.559426638255671 0.645512260180347 0.382484583399841 0.78914082902797 0.195450062473019 -0.00572405959278426 0.275201103160235 0.393088360750324 0.0875283719763856 0.336799193877499 0.236448724915787 0.333972742674765 0.407648101102209 0.437921739152193 0.235367187234347 0.375665100246508 0.494983690243305 0.512605171439439 0.417182117490271 0.444673080519143 0.277312101408588 0.506917593769496 0.389458456977351 0.818733689998227 0.451290685768383 0.658342362257424 0.415856333739923 0.221499655268736 0.565726510823084 0.700177728490368 0.268993101301233 0.441864705686266 0.4036740011743 0.392672231381839 0.388227920378813 0.662104527302231 0.858310863516472 NA
"154" 0.885088614120796 0.526818988304877 0.641805997840939 0.842006811334855 0.773507881469635 0.262557719806145 0.674684848937929 0.803055081018883 0.560862179044171 0.754380067098851 0 0.412232952733843 0.887877790976254 0.717390441168847 0.759069952025743 0.505051271275237 0.716053555481807 0.663824702811802 0.663358246053208 0.202361215901204 0.080587527515614 0.130104062857828 -0.103602623007004 -0.0255566136264143 0.140694097713884 0.0841353885950125 -0.0862690477674092 -0.0995798254290695 0.0864006305981855 0.487328950176917 -0.0877581458037891 -0.108921828454312 -0.101157361592975 0.588485822967914 -0.121264498685912 -0.0863416941701315 -0.039108711309771 0.311684611669288 0.0665310377047809 0.118688837931498 0.21026573478317 0.337978133141948 0.152415692690969 0.619878636503965 0.801127567696736 0.0243488505483294 0.27641413486569 0.206619157421026 0.414312993886648 0.358855724159027 0.612835419320883 0.280095799932729 0.418095494656593 0.802378053549461 0.855849124276933 0.413008117505772 0.373963385183972 0.345462149884015 0.0705102227991436 0.527177564226932 -0.118178937481419 0.0506043027605186 0.617883013411209 -0.0408392919162514 0.0600855844073072 0.621929597496308 0.452161852831142 0.622426894986317 0.0527935047650141 -0.0234935951969935 0.608573185085474 0.0954754152786949 0.0576998158998679 0.0510236140946316 NA 0.0624798577883298 0.776103005794207 0.524716075977062 0.689479755481373 0.0910143117066832 0.0522608944537041 0.104219790218537 -0.0891289177371165 0.250600556117848 0.0100433982581547 0.064423399687166 0.2786841924519 0.407053804979657 0.032190775959883 0.0657339657814318 -0.0976065379598186 -0.147628129634804 0.703951305351905 0.706774405533392 -0.0507524388289312 0.425480490778651 -0.0910491314712415 0.0543810051828198 0.213887225254603 0.381074443849232 0.0449598899109463 0.64303363121755 -0.0633375258625242 0.0877658730232122 0.258265454342509 0.0455538689520379 -0.0736867137253656 0.203915533060914 0.137359090029918 0.0758194320111284 0.0806893883749855 0.17300357665957 0.00894062264549235 0.0964098562798241 0.293500665646132 0.252786768176216 0.0659138881145733 0.105461662053781 0.0951347862209575 0.448157445891803 0.050471186691164 0.616626077317027 0.155145232907394 0.542451741721846 0.115966133196532 0.0540151012217384 0.269828839936701 0.768713504039251 0.0758962663579603 0.247581719700622 0.0942998438079743 0.0422489638045301 0.0546357257760539 0.321197421847591 0.679986791818797 NA
"156" 0.397903385167517 0.60629698618091 0.165908616466976 0.478196637791115 0.461713137675568 0.763218530462758 0.331077013347138 0.504158091608943 -0.0416154092392625 0.414833618631097 0.412232952733843 0 0.303072084348305 0.452392454427363 0.324660584132769 -0.145037503048805 0.539231118664993 0.513363560359405 0.345062828329779 0.274136793840144 0.300019639206392 0.0764187922983633 -0.081483654043142 0.0496548266650612 -0.362418221881145 0.125287115686482 -0.100476561451749 -0.00829216537448222 -0.00891336000027644 0.526119383301652 0.00692262413780172 -0.144679270989793 -0.00442060842043709 0.206211329846986 -0.0341071145284819 -0.00109165522615661 -0.00308066291048405 -0.069325072113546 -0.355750518797362 -0.29500350723269 -0.302334056145668 0.122405016983461 0.338948543868175 0.706665176804192 0.507090451918316 -0.274538345792417 0.226437572021605 0.274869325426459 0.0567379086471134 0.44816979851032 0.490999302539463 -0.0618742814935126 0.430339968382062 0.340081881263001 0.405420927204349 0.463137921302321 0.286391681483618 -0.200100218378549 0.258585794723173 0.261654056221956 0.323831464389141 -0.00613837943236128 0.545687613302796 -0.0323893655082669 0.208217385539516 0.187291821500804 0.240131753252857 0.209605229017837 0.123387517161706 0.346366063784127 0.226353193164021 0.0346226937595089 0.268958997721994 0.25283442494786 NA 0.0649655251211705 0.14662655547553 0.146059080029333 0.382560943514109 -0.231034061159156 0.277557159040547 0.226903857252213 0.0265976136267868 0.284418118988347 -0.178989121849234 0.231904684928816 0.135195971392306 0.450956730122451 -0.123750096942453 0.249614464903537 -0.0274762563813636 0.199143925770942 0.312579002070047 0.174667867331611 -0.324699182953677 0.41638949879586 -0.0403813866194221 0.0589736867304249 0.20848957982022 0.357805438017471 0.285418570703338 0.356311276533116 0.677832311003563 -0.174828307357591 -0.225087848837832 0.258558610177529 0.0235958533201213 0.492916779684512 0.585682104888649 -0.0677491611324273 0.33348916948808 0.36445602800542 0.35877547729021 0.310527457832145 0.421348201994049 -0.0894025009802073 0.333205378726054 0.2781910627457 0.467643175139303 -0.00967305029980411 0.289346456728322 0.511606970332537 0.155041329388774 0.525035286297484 0.279308148151152 0.649720671985538 0.252517808815135 0.460034943097735 0.772108250951053 -0.00188275306063654 0.286095692516579 0.295088866688812 0.298750069939935 0.172417473219376 0.402330053220473 NA
"401" 0.876377059554317 0.410904978753234 0.704103923738329 0.722975850129316 0.749412176887975 0.228735644117164 0.728523084943896 0.671604435271984 0.645475110566219 0.722801976968383 0.887877790976254 0.303072084348305 0 0.704655393456 0.768427302444904 0.628821078906757 0.576266317355213 0.568509359846028 0.689636285494806 0.249864630030002 0.0950634110213703 0.132726156308947 -0.0458124756300601 -0.0217252703873916 0.271711876521961 0.199604532089562 -0.0205573969304178 -0.0671683759240101 0.127332468943497 0.403808128262034 -0.0635615551787118 -0.0300056060000456 -0.0713306009532996 0.444025125274275 -0.0752461033588237 -0.0574751380184186 -0.0243190528338528 0.320562335177308 0.209121896473375 0.243076955390179 0.306426016480169 0.464674543788413 0.1406365262829 0.553528870287199 0.682932432944553 0.122799071830119 0.34131531977817 0.246392089282411 0.481710540089124 0.418695428900455 0.4242667240968 0.305144051909093 0.410570086563713 0.764867783426378 0.855585936188347 0.292571409836163 0.422632145428002 0.466845459183094 0.127157584475274 0.583143009166376 -0.141952088894931 0.181665977767395 0.468240167967704 -0.00228115875772164 0.142922146261076 0.56100686475463 0.457471596091552 0.564585540999338 0.152967260504007 -0.0283261629500064 0.707244709472643 0.11149982733708 0.103177109518495 0.0840648820917771 NA 0.0398339364885484 0.809164176262073 0.5276233330037 0.533301554686665 0.249737133799642 0.081094031776107 0.165096334647827 -0.0741809683015458 0.265850766800162 0.0965599884788563 0.113573756066189 0.349202079869652 0.349532274751019 0.0764285319333406 0.134640865696413 -0.0627345851008036 -0.144452079415661 0.676576548384831 0.697649251964893 0.07655158297208 0.413682227121121 -0.0532099641189842 0.0330942906005761 0.267185404149088 0.388204180652418 0.0787543895956448 0.577069209441303 -0.056671823660614 0.157290359884566 0.360712376444818 0.102449714687621 -0.0610991473003152 0.145113165559282 0.0788808200016642 0.232634534959609 0.0956826253671467 0.162028670523938 0.012727068673242 0.101971653842846 0.226449765824451 0.396083547446059 0.0927702621251391 0.154654031334618 0.0386837210207448 0.486512721318027 0.090650249184094 0.518615366506498 0.234308209317903 0.428936875924709 0.140540024319728 0.010189137400321 0.315520711063873 0.607521254202184 0.041833155798981 0.358245283107335 0.118490018167078 0.079472183616664 0.0823333295651052 0.391986082496167 0.60990933834627 NA
"431" 0.792176903246204 0.458272783568484 0.510403055686601 0.665447930943886 0.875384661955848 0.321661069662733 0.849035845972309 0.659189289422051 0.280502502860902 0.774718127524243 0.717390441168847 0.452392454427363 0.704655393456 0 0.746407090814628 0.375565539211274 0.692040016550687 0.769651121124166 0.820564823306492 0.470580666137622 0.456886175635484 0.305593896379058 0.170329399411808 0.248865016246513 -0.0345692422870471 0.40741785087498 0.13808508923039 0.201647918379559 0.385904049656135 0.606703813562279 0.197136497739778 0.122882246848137 0.202577624321604 0.164608337838864 0.218181678752888 0.208516177616554 0.0961897197606475 0.22533088737087 0.0233323202839418 0.128280650523201 -0.00373576540627663 0.461146613730093 0.465016137958976 0.51424850208557 0.709552154244412 -0.0220499718542691 0.657936781741794 0.495954680252121 0.523246241604598 0.364452249762039 0.360500905110834 -0.136600366064532 0.651251247491383 0.659116863147825 0.854365331305059 0.236401501514235 0.731847779554954 0.0811144752844555 0.480633173273764 0.729655207647906 0.0569319459918231 0.239308731783174 0.520865398184481 0.203808381703516 0.459550321646925 0.29391134504069 0.55141660476176 0.34371967172347 0.366801378950591 0.285334356569499 0.748168665273628 0.391213218387824 0.473380144792971 0.424320157608222 NA 0.208481082525205 0.496438680618295 0.392281709890499 0.373250757443955 -0.0172041013023147 0.451888987677597 0.426362940665301 0.193694317242338 0.615120904446554 -0.272704742143833 0.423754196326671 0.522599385960271 0.565242884708797 0.0274965435999134 0.49090493450008 0.161658106368226 0.0365554306382938 0.62445615406558 0.431331664860005 -0.0732546037408326 0.583637470807937 0.141221967969956 0.17925448096921 0.581687180879943 0.541299651370569 0.475491474133745 0.601498647265255 0.299836583307096 -0.282937016711993 -0.0292317493889728 0.476196278570352 0.169550603203602 0.353352186667548 0.234151700488045 0.199813732627957 0.50657051042391 0.490795628598638 0.272167513789898 0.454667220400754 0.505800053405561 0.326933145140876 0.521661512220501 0.489710292510988 0.333927706078724 0.212461138712638 0.478875479053537 0.75648193339293 0.390634748758622 0.553764062047823 0.463098138179024 0.283253174482845 0.462128947724966 0.502291859241827 0.34705755313177 0.211154358943078 0.469280072763742 0.494022724572831 0.496019706488106 0.588603428458938 0.662795257286794 NA
"575" 0.674064592155075 0.378918984161399 0.312982398943906 0.803367081892439 0.824350206056844 0.317721290025663 0.810003658020057 0.762202992450164 0.693113765902385 0.86019989808248 0.759069952025743 0.324660584132769 0.768427302444904 0.746407090814628 0 0.480049946099489 0.748543933207751 0.760460700496231 0.862320436923813 0.480101835516773 0.32971688782246 0.185141927851606 0.126427857955062 0.124558304069693 0.365700117713081 0.49887332279082 0.115947729839719 0.0849666833133265 0.309281738719296 0.637961619451466 0.0780449804229873 0.143729983796836 0.0850872537613395 0.379403246453773 0.105883964556475 0.0922933206090214 0.0437195739946474 0.448224418470798 0.348800769084296 0.401320090216273 0.401714175560253 0.605443155964221 0.354894093060042 0.641801637602247 0.797343626266898 0.254221507713931 0.640133488037428 0.433076922996899 0.350000347755819 0.576295741310946 0.461390148203503 0.3175668602092 0.546931868672071 0.90350452246991 0.877913507705504 0.37389523212143 0.653166719366349 0.544777470742098 0.40790086166467 0.844565327148318 -0.0815336836096591 0.421272354914335 0.565343012969574 0.138828196479453 0.44799387220383 0.661883306975934 0.718994729625784 0.689078185555902 0.42789359586902 0.13866214956329 0.575490121973014 0.302811702472319 0.374522271461719 0.320383045824235 NA 0.163039056859417 0.815234326988598 0.719400987326028 0.588888757652847 0.395235190772609 0.331553055837462 0.416789068875026 0.0614734849588444 0.55076043331047 0.0998252878595568 0.365784345167392 0.646120395655087 0.585884711766808 0.159540391528137 0.431813452188863 0.0778865735598182 -0.0867919737993242 0.885001785954348 0.803717434805282 0.193669608552308 0.652048085151285 0.0774972524751521 0.139445826290664 0.566143558942879 0.673294182252438 0.345491543005992 0.801296448082056 0.147812325295962 0.140648379238815 0.450742739502748 0.381476303813321 0.0561826065004212 0.281110175909777 0.187204096590639 0.462134530275161 0.359993582045516 0.389011480194489 0.208056522013931 0.332882119759055 0.43810533257709 0.653654662195512 0.374690150971526 0.438234468198777 0.204273344782968 0.633117817665589 0.363215386263259 0.758887806047065 0.510689826454681 0.606760412778795 0.400661375633846 0.16613386081791 0.606241216743377 0.659549953084079 0.20518230064148 0.579234594072055 0.380795803155897 0.35815958460025 0.353096457016666 0.714093752385864 0.865485499516823 NA
