"51" "94" "714" "720" "1725" "2215" "2333" "2911" "3066" "3128" "3209" "3468" "4471" "4594" "4836" "5608" "6667" "9182" "10083" "10524" "11005" "24055" "27475" "29755" "47952" "48755" "50356" "51176" "51345" "51636" "51904" "52223" "52810" "52818" "53196" "53266" "53768" "54268" "55141" "56258" "56495" "56594" "56728" "57082" "58153" "59467" "59905" "60381" "60624" "61195" "61196" "63306" "63694" "63877" "64167" "64331" "68579" "68935" "70430" "70715" "70810" "72003"
"51" 0 0.841604311732237 0.537029682333694 0.919480436644474 0.783953958261287 0.149024607180652 0.297367430974771 0.64850919000159 0.475170155235976 0.354847473676902 0.714705202205302 0.605355219797276 0.750695260728852 0.813105099905875 0.758627343203716 0.292381374878298 0.61783297543818 0.464485865900006 0.534067899940695 0.930311596486852 0.543510957916397 0.663931125772056 0.525673123561956 0.887180995747129 0.493014346400172 0.152643925061885 0.526858005514754 0.715667914275219 0.554542627186962 0.00150358348622398 -0.0422673071006025 0.582538242452157 0.509487890028929 0.53379675862459 0.54441622728789 0.743392190796144 0.579023750956145 0.494699659737794 0.0440979192616217 0.553744162301338 0.236942600632722 0.0137362300718184 0.740803267411284 0.530311699470006 0.556647598933847 0.477714188909934 0.453674304535477 0.548334075866402 0.127387608798428 0.409986350120825 0.430947996970186 0.492924277185711 0.544019774192921 0.558036144806391 0.495090729800758 0.561398674788422 0.523628863410404 0.443273294035825 0.526168637777865 0.5171875704811 0.216942395801956 0.529528825278281
"94" 0.841604311732237 0 0.164509283571879 0.705967152796743 0.464419903207658 0.073658861627878 0.0851403707308376 0.714135917561204 0.158698894102693 0.335894500164268 0.531495615913915 0.346833669218106 0.85888626366721 0.893771731560715 0.448162695033038 0.350672396928991 0.88303009300424 0.42356108167679 0.209917156483115 0.743131300390228 0.282953334571361 0.40845978921006 0.153547790450505 0.801903498364698 0.162930402800982 -0.0422963388631684 0.157654014680454 0.506667903052415 0.281548811240588 0.0321705508496366 -0.0237200180335799 0.268461156090518 0.13488601298101 0.193777139243677 0.186514701621425 0.367715307466118 0.256597396698496 0.142421715341897 0.177953061732054 0.199034510445245 0.136696141996366 0.137111544093889 0.647699135327835 0.155464273500842 0.197980642834451 0.137393461779918 0.128176974843424 0.184331882707632 0.146625677656289 0.262074497901598 0.210426169890545 0.14907703779643 0.209622227027927 0.259795348246602 0.198156667127885 0.222375167891829 0.172650799784722 0.12985763498068 0.172620452276451 0.151661752606598 -0.0494686841549263 0.179985019432978
"714" 0.537029682333694 0.164509283571879 0 0.618894525146449 0.752305421016822 0.18382777155409 0.518586616895907 0.0478081339492205 0.811338965747755 -0.0474528811824957 0.42367061670476 0.80510759397151 0.198445268651957 0.251598504140899 0.732331598813094 -0.165073999162179 -0.0896247238059583 0.286615126195573 0.88303847450424 0.61360373385862 0.782358086988444 0.803016644745828 0.936128981534601 0.465836235593529 0.847811230103847 0.414289707325639 0.940995118800687 0.807223602424001 0.743185414157202 0.0151384288362563 0.0185201486084359 0.849631093835591 0.929428480971663 0.888457203478609 0.917785784875745 0.798150823665461 0.870039360555106 0.87755068943137 -0.255563646490615 0.942568228830836 0.367217512834293 -0.216694190156154 0.390382026729783 0.94213904877386 0.91483719765184 0.855285031091704 0.855513725346437 0.935483101819443 0.0923773866029201 0.443848159892905 0.609992294529552 0.868597299858729 0.887604329644036 0.781115782689611 0.766158203820912 0.899176408123914 0.889306675468566 0.786584573397409 0.890167817325461 0.9152601628486 0.581205472385068 0.888474395649678
"720" 0.919480436644474 0.705967152796743 0.618894525146449 0 0.826018375175479 0.193163710328966 0.335001497687946 0.574965414504502 0.539838807049366 0.337157147024712 0.739596226081454 0.669602078512916 0.615948377253426 0.683997293942307 0.807018324777735 0.247706572296685 0.452777525147471 0.446867749876795 0.618465719815491 0.913714240585565 0.580494406465431 0.695284491999985 0.612206033427603 0.837147940966766 0.567684020548084 0.20687533185348 0.614311996852569 0.704534462012513 0.605082854713172 0.0624898817043219 0.0321372610216477 0.655658798780433 0.592714602753868 0.6244515071961 0.620997023191874 0.818754860956307 0.65721293517612 0.570960997159886 0.0155272857693373 0.640696984967153 0.320816919559764 0.0519013449675434 0.752263553432043 0.610802092012748 0.632386606093075 0.556289411835913 0.555881808422563 0.638730617207011 0.184992713929203 0.43720009857945 0.48806853208183 0.573373872757223 0.628861315310006 0.608936912056896 0.556171553675245 0.644183702491515 0.601132539388097 0.514493348761138 0.602400403367359 0.600289165408147 0.293837334154526 0.606222897478855
"1725" 0.783953958261287 0.464419903207658 0.752305421016822 0.826018375175479 0 0.11684125388548 0.410473495465599 0.263764200301126 0.648875267601119 0.117428005954535 0.574289127238413 0.643137647059366 0.471027224045022 0.534009572583889 0.844728086960127 -0.0127824199511128 0.202484323415781 0.229450041415019 0.706348519190413 0.834675729035248 0.662018320411809 0.659672385711295 0.740609291261739 0.712713777669808 0.668251646355643 0.312724816351505 0.744110758945598 0.734315692077587 0.574531130972739 -0.0277431589608113 -0.0328623915632843 0.660314972380571 0.736708064687883 0.692921207213524 0.729751612247947 0.890884227956098 0.67653511709442 0.701172531893888 -0.238120938663878 0.753565735922615 0.255924413023021 -0.145957157604503 0.597279129799243 0.750123159054763 0.720139229923005 0.674671920500694 0.672502441208326 0.73708429598054 0.0392478478151019 0.36280957826022 0.477858905630711 0.689713642206429 0.702355773254484 0.610307162503553 0.600789875749402 0.706039351147261 0.701276601413911 0.620990651318474 0.702446737253827 0.725320725252323 0.447002839340481 0.700071398170056
"2215" 0.149024607180652 0.073658861627878 0.18382777155409 0.193163710328966 0.11684125388548 0 0.231877039761946 0.285247207303919 0.161202547644404 0.359634265190551 0.325294632018805 0.302961142522857 -0.0701007488351358 -0.0451307808179039 0.15401620334054 0.457511808143291 -0.056311530061007 0.368032175865838 0.194982528050305 0.137579023969832 0.12038538669047 0.308060848130262 0.194856452480721 0.09723558866356 0.19400094680076 0.137517566972389 0.189343621036711 0.113847611692976 0.3332291034735 0.387004732159801 0.344290207899111 0.322373198815497 0.171495756231323 0.253215766483853 0.208508917681065 0.160416496334111 0.310678343336986 0.177299097619328 0.397211376733521 0.198203098124906 0.234345875935806 0.17240787369543 0.190996203081337 0.179110460357842 0.241295611146585 0.176771806398294 0.178778446292258 0.224328922660296 0.244232758909774 0.322497931824088 0.272223388129668 0.209184523677292 0.24216398566256 0.312331368789237 0.241175733048101 0.261815179298181 0.215209944388017 0.16561141142476 0.220951624616242 0.194854228819944 0.429935072113775 0.223432864823725
"2333" 0.297367430974771 0.0851403707308376 0.518586616895907 0.335001497687946 0.410473495465599 0.231877039761946 0 0.0284104423974559 0.447826141814796 0.337261709908691 0.225847042118404 0.416179046996495 0.0962724841235333 0.123017055571581 0.404540312635316 0.0247954168329309 -0.0804780069111863 0.177195328659184 0.465502047774797 0.320250771965691 0.431480167512249 0.448565592486261 0.512782559911621 0.227234551192118 0.472782421382923 0.59006008584956 0.513013560970012 0.440673866099259 0.419545088187968 0.0371740974132717 0.0203903873014421 0.466586251226491 0.513379028501147 0.473578021388882 0.508956334258158 0.432613083848337 0.471467692083582 0.486548271687959 -0.0747038824189835 0.50078984550747 0.117826591909839 -0.213530323170208 0.149036617426737 0.520965679441948 0.511543381103871 0.46845820950661 0.445424825251268 0.509884195063002 -0.0335732871083305 0.252422950506748 0.326013163715983 0.473955065108515 0.477998275732785 0.448280297288296 0.431910743461668 0.485349790996651 0.491468972665838 0.436718540183559 0.497963538853783 0.50426497236728 0.485687880877274 0.491605933699393
"2911" 0.64850919000159 0.714135917561204 0.0478081339492205 0.574965414504502 0.263764200301126 0.285247207303919 0.0284104423974559 0 0.0572412383058436 0.766287710209903 0.815187651833663 0.419640065674104 0.380640325566776 0.430828666364335 0.316229290359334 0.798257079697948 0.520093867824499 0.786113134713757 0.116986518169508 0.537100234541018 0.0761110992441413 0.470490221924348 0.0627430762059386 0.553829726014635 0.102190222402905 -0.107129799050794 0.0537867778612467 0.197657390188843 0.457981276944358 0.242198068959729 0.169916118920379 0.387378269077948 0.0146463471241526 0.204824932805597 0.113930374286966 0.263310466437951 0.351399522868563 0.0482704596180378 0.663614742377683 0.0931909379380602 0.336480890472299 0.478835907387224 0.647102862761184 0.0346722421477138 0.179591019141134 0.0530938307143819 0.0471263879699617 0.131865611263154 0.467389231375439 0.544589222701198 0.358458087747534 0.0786243426485619 0.196347764733615 0.393197194082244 0.237501659223513 0.234106010400009 0.129635340419182 0.0559225143566173 0.125501196302537 0.0689737150441029 -0.147379029927657 0.148660337188692
"3066" 0.475170155235976 0.158698894102693 0.811338965747755 0.539838807049366 0.648875267601119 0.161202547644404 0.447826141814796 0.0572412383058436 0 -0.0233097874128382 0.378547935028454 0.690971598969584 0.179956439757121 0.227819478747714 0.63288517979135 -0.126234605935497 -0.0685784584451605 0.261039684245922 0.755774371467085 0.532219611524113 0.673905583923264 0.697847079042519 0.803745660331588 0.41515438837943 0.727645871575595 0.352511238417014 0.805473691841328 0.700440605320481 0.645303874728101 -0.00342994256845018 -0.00231216370152296 0.738004965165338 0.80373254566236 0.762615784813113 0.790747265716603 0.687596458985617 0.749679028934457 0.755937885325059 -0.211496952664321 0.808951921850186 0.299214110527733 -0.203199980477355 0.328899528670169 0.809392104771926 0.78965643882641 0.734373479627157 0.725605793362681 0.80374577738749 0.0652748692885256 0.389945778931441 0.526438420524149 0.746814101288652 0.762588057448895 0.679890877636775 0.663530819565845 0.773480252154191 0.766630519948954 0.676029921825778 0.767818499575882 0.787644197216101 0.496078628127432 0.766284062270312
"3128" 0.354847473676902 0.335894500164268 -0.0474528811824957 0.337157147024712 0.117428005954535 0.359634265190551 0.337261709908691 0.766287710209903 -0.0233097874128382 0 0.671161055477866 0.240345579557563 -0.00722888050738344 0.0359971141177303 0.193535223280012 0.837222595583442 0.105884924842881 0.672883711450635 -0.0150771783795364 0.260048471345877 -0.0732518828538441 0.306059931911721 -0.0223823579727594 0.227700826644846 0.0181897135616594 0.123134746971162 -0.0406123458628623 -0.0583452671963759 0.364516737689401 0.217363991123268 0.149359757403873 0.277552933557269 -0.0624978234511403 0.0967104059962608 0.0224912676984005 0.161696035520001 0.235634269874465 -0.0254956286724186 0.688934703965632 -0.0359090845152407 0.194039455336891 0.367233169657698 0.367731143834579 -0.049587395132491 0.095240315600374 -0.0243079055910713 -0.0763830577969203 0.030727029863892 0.336193206373203 0.474975329694859 0.268428341542154 -0.00480413254261344 0.083042163641539 0.314055746550035 0.162149471122347 0.120168263164157 0.044255229560942 -0.0160510765444228 0.0466477009697715 -0.0136050148474738 -0.044006878707271 0.0623346873272252
"3209" 0.714705202205302 0.531495615913915 0.42367061670476 0.739596226081454 0.574289127238413 0.325294632018805 0.225847042118404 0.815187651833663 0.378547935028454 0.671161055477866 0 0.670206656626837 0.247989817781224 0.320606863951385 0.625938726397196 0.613869976197257 0.224994101873448 0.717790038408069 0.45846355811192 0.695520818583094 0.338510196945695 0.673443454898263 0.436858014077763 0.617910645366524 0.432461006386003 0.10725940244676 0.43346540402109 0.39053661255692 0.670048233449417 0.280620682609649 0.238320086419082 0.66595172178305 0.39179586993522 0.546762597243743 0.463799137367344 0.636243218277683 0.648633576808659 0.401890108336527 0.444056003129248 0.466394875609865 0.492529985058579 0.405015685779997 0.750431984139461 0.412249534917946 0.516380545255105 0.396430601791251 0.421202614631039 0.497932491632538 0.487404299328396 0.622153738654687 0.55242441132798 0.427127948833149 0.529489541181223 0.630356224262588 0.502752521996639 0.56534885714258 0.469874486283511 0.370706604608436 0.463790979514573 0.434102236141523 0.144811224065576 0.484561523131791
"3468" 0.605355219797276 0.346833669218106 0.80510759397151 0.669602078512916 0.643137647059366 0.302961142522857 0.416179046996495 0.419640065674104 0.690971598969584 0.240345579557563 0.670206656626837 0 0.227327003090448 0.289552130719445 0.6584495538307 0.160967235016461 0.0965670693730108 0.590867970571306 0.815233252868948 0.654640452503617 0.662275805075338 0.875103018083076 0.80496261596128 0.558031687149465 0.748790101233457 0.307948346230817 0.811413356029093 0.716480612352261 0.831021458337377 0.294734856414399 0.280051057987933 0.902932210747197 0.768436620698858 0.866494804993274 0.809031735777625 0.703024913160009 0.912148445855565 0.747783577425927 0.129253180192309 0.851450687493328 0.623255514656779 0.208607936001023 0.635637213587447 0.787077899288318 0.835429907742657 0.733676310790723 0.801274998526971 0.849754182350298 0.469649953919387 0.631677533233621 0.711656780877518 0.766979754835907 0.850799301195493 0.820748509237598 0.740685364295599 0.878858393356126 0.797602526805927 0.679585733041033 0.788575384254134 0.790798608640143 0.423373152650168 0.805510895978315
"4471" 0.750695260728852 0.85888626366721 0.198445268651957 0.615948377253426 0.471027224045022 -0.0701007488351358 0.0962724841235333 0.380640325566776 0.179956439757121 -0.00722888050738344 0.247989817781224 0.227327003090448 0 0.951440659476519 0.398912353267625 -0.00769862890345019 0.885258385882745 0.0937237455026897 0.221173883860845 0.689674246963954 0.336001413495832 0.270258454044628 0.173666704140583 0.760698853954485 0.160327089949484 0.0100894873771892 0.185940918184334 0.56737639808163 0.108968902052913 -0.0787736081540492 -0.109169331387398 0.134709461419738 0.177045694706064 0.151605145666578 0.186611372907061 0.344857072260522 0.14218787433348 0.166833130919667 -0.156422645493892 0.22176605896248 0.00635463279803164 -0.0765371765822766 0.507747013011072 0.191536747811644 0.161718571085487 0.156930068597345 0.158375315768851 0.175318373637203 -0.0590372460320795 0.0288808222433185 0.0749724024498839 0.159642204671297 0.171292706668162 0.114999403306538 0.126402778601315 0.166249950193329 0.159368739542077 0.14605017736782 0.159895575572025 0.166681232627618 0.0257513907415785 0.157725526381554
"4594" 0.813105099905875 0.893771731560715 0.251598504140899 0.683997293942307 0.534009572583889 -0.0451307808179039 0.123017055571581 0.430828666364335 0.227819478747714 0.0359971141177303 0.320606863951385 0.289552130719445 0.951440659476519 0 0.463223198729312 0.0267640039166848 0.890542081524407 0.143486080996591 0.273987530570587 0.753855266291622 0.378600130218293 0.332916323427537 0.228382866852885 0.813600308561024 0.211519858075026 0.0298342270348169 0.239642136617852 0.611834176777572 0.169054491569629 -0.0630897962661474 -0.095399086344327 0.200126292986612 0.228422607567347 0.206053384693658 0.242381546369111 0.416228573899173 0.207182374674274 0.215944452356897 -0.136705424264612 0.277109184494401 0.0450682216915089 -0.0587983565849347 0.567439186392643 0.244271088726462 0.220050554079071 0.206589278286681 0.20884084832974 0.232395926850996 -0.0293080832365583 0.0785409453872533 0.125706821626513 0.209910101133945 0.229018008817259 0.175310032023112 0.179806634760512 0.227520187751527 0.21478170626197 0.190953869096006 0.215660941909326 0.222564736924149 0.0537762084771212 0.213932794222076
"4836" 0.758627343203716 0.448162695033038 0.732331598813094 0.807018324777735 0.844728086960127 0.15401620334054 0.404540312635316 0.316229290359334 0.63288517979135 0.193535223280012 0.625938726397196 0.6584495538307 0.398912353267625 0.463223198729312 0 0.0679569835838653 0.148734113016129 0.303723630996724 0.691906249462245 0.803887859370209 0.629382318440423 0.672049702486631 0.72422169819927 0.677412149741904 0.66242952514277 0.300832673330827 0.726448999952881 0.686144822254271 0.607772241236401 0.00699865666300838 -0.00165803424669513 0.68464382526644 0.716886598436506 0.696932275830359 0.717879623634772 0.874855861174088 0.696154201363369 0.680502124684322 -0.152495057484053 0.734783250874416 0.28840098479349 -0.0875704554530868 0.602157530600425 0.728840997514058 0.718868488982978 0.661262483949369 0.654275810403665 0.729542326159989 0.0870221076332907 0.383054642246688 0.493782029594561 0.674189861663737 0.698055538159983 0.636053312812583 0.609528158337757 0.709854400643673 0.695056037802463 0.612430128612069 0.695859054169327 0.709912631780354 0.42449168751444 0.695970162629635
"5608" 0.292381374878298 0.350672396928991 -0.165073999162179 0.247706572296685 -0.0127824199511128 0.457511808143291 0.0247954168329309 0.798257079697948 -0.126234605935497 0.837222595583442 0.613869976197257 0.160967235016461 -0.00769862890345019 0.0267640039166848 0.0679569835838653 0 0.159736302830652 0.696267932409201 -0.123623424156839 0.169859077530785 -0.162091094424886 0.241084311871374 -0.138806134926415 0.164842251032975 -0.0806428636842094 -0.116233406841338 -0.15913216799649 -0.131352443809428 0.301291417896397 0.294992139123425 0.209656996439908 0.193403411666641 -0.180633191266753 -0.00786195518046797 -0.0868934206824883 0.0181734657987294 0.145134389744538 -0.134283342716555 0.811986841081745 -0.152212076377318 0.14561120075201 0.382612902752051 0.298392712429209 -0.16649707586548 -0.00828296557316785 -0.130371296287393 -0.194175041899286 -0.0820082523990145 0.330424792025447 0.451890419345593 0.210651698182716 -0.109798323447409 -0.0194288052703436 0.241515968628352 0.08436340283534 0.0176291738765038 -0.0610189295101062 -0.114103818189247 -0.0569777999086561 -0.124785401104744 -0.00137271825890148 -0.041402403371707
"6667" 0.61783297543818 0.88303009300424 -0.0896247238059583 0.452777525147471 0.202484323415781 -0.056311530061007 -0.0804780069111863 0.520093867824499 -0.0685784584451605 0.105884924842881 0.224994101873448 0.0965670693730108 0.885258385882745 0.890542081524407 0.148734113016129 0.159736302830652 0 0.171699896430408 -0.0145504324260443 0.526684023519224 0.096931739725033 0.117348247296512 -0.108163549603193 0.664068433947083 -0.0828468514987982 -0.137732338564221 -0.0949533883383633 0.335985298849978 -0.0258402332920754 0.0680288234451785 0.0298182268426451 -0.0381396610167959 -0.119064618275181 -0.0699570764869805 -0.08134609230402 0.0712804371101882 -0.0400013811779431 -0.10667972329938 0.0890486073081306 -0.0394078864664865 0.0598688512663915 0.184539822826898 0.505962862591941 -0.103734780993596 -0.0932637648788257 -0.0996332281122346 -0.0601349557597007 -0.0846761589720219 0.114981916872438 0.0144206843903392 -0.0205375117841569 -0.0955690187248434 -0.0531150357034537 -0.0539084501540287 -0.0668353343309141 -0.0530889183485454 -0.0946835647205639 -0.0904772972896615 -0.0994488568276318 -0.108023421885847 -0.188437223331245 -0.0919537156931827
"9182" 0.464485865900006 0.42356108167679 0.286615126195573 0.446867749876795 0.229450041415019 0.368032175865838 0.177195328659184 0.786113134713757 0.261039684245922 0.672883711450635 0.717790038408069 0.590867970571306 0.0937237455026897 0.143486080996591 0.303723630996724 0.696267932409201 0.171699896430408 0 0.3176353045802 0.373730918401635 0.224910619382129 0.653642354884617 0.306963618380515 0.333019042270893 0.324409136170512 0.0147419330711826 0.291884635069286 0.289830846628272 0.67227649832185 0.207812245832462 0.13819930101888 0.619683728175109 0.257154924212556 0.434664154158725 0.352959379924689 0.267046685951685 0.582640781851664 0.280596740004033 0.636796276379404 0.31274378032725 0.391491224014033 0.327397980968149 0.439695970454904 0.278453337310637 0.428844844143629 0.27671529651095 0.240171366674124 0.374727572597612 0.4558091645614 0.687388311146248 0.525533843307309 0.304847208629731 0.420337450942008 0.625001514126086 0.451222673175424 0.464462020282016 0.365018341480135 0.262919135081787 0.366586989029907 0.310076161973034 0.0221047271948787 0.384975491504428
"10083" 0.534067899940695 0.209917156483115 0.88303847450424 0.618465719815491 0.706348519190413 0.194982528050305 0.465502047774797 0.116986518169508 0.755774371467085 -0.0150771783795364 0.45846355811192 0.815233252868948 0.221173883860845 0.273987530570587 0.691906249462245 -0.123623424156839 -0.0145504324260443 0.3176353045802 0 0.617209970827021 0.73249693232927 0.78237159073431 0.875046266235698 0.497781081411439 0.797372006065647 0.38171288751665 0.884132211998617 0.76765792204926 0.721604631444058 0.132998148838014 0.13957777055541 0.826390533748175 0.859879127786317 0.860856282653832 0.858932821733451 0.756605986735354 0.849091335754217 0.814255947299583 -0.177591696409379 0.904192994840191 0.463785229567762 -0.0559296144304437 0.477668940525788 0.872247312281027 0.856545186066149 0.800818766687431 0.844052863585371 0.890043314983509 0.223315205846538 0.454256875977157 0.610341006186944 0.819323065234585 0.854684296935923 0.744275641400174 0.723630099353421 0.869121972803667 0.835898984142472 0.735942381575895 0.831676829043799 0.855623663745265 0.529578199612558 0.83620529857627
"10524" 0.930311596486852 0.743131300390228 0.61360373385862 0.913714240585565 0.834675729035248 0.137579023969832 0.320250771965691 0.537100234541018 0.532219611524113 0.260048471345877 0.695520818583094 0.654640452503617 0.689674246963954 0.753855266291622 0.803887859370209 0.169859077530785 0.526684023519224 0.373730918401635 0.617209970827021 0 0.590835743406939 0.664941096086017 0.599986448552619 0.881916139412314 0.559548966655039 0.208674047229772 0.608228076276387 0.731621475137119 0.55693781397948 0.0862971746218127 0.0629373067403695 0.617146812078257 0.58524736848504 0.60667080997275 0.607835650890214 0.818444407527936 0.626208489502238 0.559167649417682 -0.0484846983199372 0.643806943898418 0.334610823270376 0.0662085526945797 0.783164716537527 0.601750478996075 0.607142023969662 0.546749005695236 0.570971911780778 0.621160121474279 0.188456063916587 0.380977315160552 0.45720595199433 0.563111529110837 0.61213890402455 0.561201146073553 0.525223630144235 0.625872531792532 0.584625345898463 0.505456633215957 0.580438104106486 0.588817699496884 0.295303860920275 0.58763964485829
"11005" 0.543510957916397 0.282953334571361 0.782358086988444 0.580494406465431 0.662018320411809 0.12038538669047 0.431480167512249 0.0761110992441413 0.673905583923264 -0.0732518828538441 0.338510196945695 0.662275805075338 0.336001413495832 0.378600130218293 0.629382318440423 -0.162091094424886 0.096931739725033 0.224910619382129 0.73249693232927 0.590835743406939 0 0.67899670142307 0.768005701521098 0.489960685409393 0.6941302274668 0.328651235894919 0.772568048485318 0.751391480621249 0.592574883284294 -0.0281751370146832 -0.0317156666789927 0.682760205718923 0.769302007249337 0.719176816094762 0.756522777104756 0.667426850602498 0.701082000582455 0.723128298762002 -0.253976808808588 0.781135110539722 0.262894214043282 -0.224594189362467 0.363228373070141 0.77941891022811 0.747324491199107 0.701584704711171 0.695296513047559 0.765516350920311 0.0300038304205031 0.339241710455878 0.481884369175545 0.712222577534661 0.724518544015755 0.628117578325109 0.627730646513722 0.731938244996448 0.728350201662542 0.645662334814886 0.729542742276983 0.758296275143012 0.464744136244189 0.726872196145185
"24055" 0.663931125772056 0.40845978921006 0.803016644745828 0.695284491999985 0.659672385711295 0.308060848130262 0.448565592486261 0.470490221924348 0.697847079042519 0.306059931911721 0.673443454898263 0.875103018083076 0.270258454044628 0.332916323427537 0.672049702486631 0.241084311871374 0.117348247296512 0.653642354884617 0.78237159073431 0.664941096086017 0.67899670142307 0 0.805457025313078 0.553931676250077 0.750622531123445 0.28701962443794 0.800297149290708 0.749818826909127 0.85828183609064 0.121016443628561 0.0847674486189548 0.905901361825823 0.774307831225628 0.839171948949997 0.81725800585211 0.696011356057472 0.901768672678277 0.753058220436709 0.145373479007187 0.819689139440934 0.460994608471591 0.0259621963743459 0.537784260751026 0.795498119038045 0.852582100515553 0.732489351162983 0.719126326203283 0.839653788447256 0.304114702762014 0.658438460521443 0.69191862879249 0.757550738404588 0.83490786287391 0.858357816348207 0.760733571712572 0.866420758634187 0.805883177488095 0.678759479503571 0.803442437857317 0.791961271481009 0.404672061865978 0.81532888204139
"27475" 0.525673123561956 0.153547790450505 0.936128981534601 0.612206033427603 0.740609291261739 0.194856452480721 0.512782559911621 0.0627430762059386 0.803745660331588 -0.0223823579727594 0.436858014077763 0.80496261596128 0.173666704140583 0.228382866852885 0.72422169819927 -0.138806134926415 -0.108163549603193 0.306963618380515 0.875046266235698 0.599986448552619 0.768005701521098 0.805457025313078 0 0.454183247840314 0.839357603334889 0.408910130630527 0.930175382556034 0.789091300913249 0.749797420126515 0.0217372344186986 0.023807431630657 0.853953620127699 0.922725794754952 0.88647172527258 0.91165181153244 0.789551388799165 0.873011675541826 0.871537446345981 -0.227997185583684 0.932957002767562 0.372162382574706 -0.202355778703978 0.386263514972727 0.932476494135657 0.912243748713701 0.850069030461805 0.845490567812985 0.929695920150247 0.105366226623402 0.458675145551939 0.615988286105455 0.862122586390536 0.883592852874268 0.787216639298765 0.766695040335016 0.905061457793544 0.886645264770773 0.779636351512739 0.886326809241495 0.908799731940387 0.574346684974824 0.886388840120845
"29755" 0.887180995747129 0.801903498364698 0.465836235593529 0.837147940966766 0.712713777669808 0.09723558866356 0.227234551192118 0.553829726014635 0.41515438837943 0.227700826644846 0.617910645366524 0.558031687149465 0.760698853954485 0.813600308561024 0.677412149741904 0.164842251032975 0.664068433947083 0.333019042270893 0.497781081411439 0.881916139412314 0.489960685409393 0.553931676250077 0.454183247840314 0 0.442926405610503 0.135916293792229 0.463324873881882 0.657457836069401 0.432637508031409 0.129877734555385 0.106795723132967 0.483275883510174 0.434683999528046 0.473572547889427 0.461073522740493 0.671979158847085 0.493618650175608 0.416327940171617 -0.0134467608482381 0.509879077335611 0.324121603738522 0.149411704281797 0.781767905190973 0.451209308770361 0.459169148039085 0.416497768907336 0.459577999846961 0.477752779339899 0.223589605582665 0.30551358383681 0.365274210745547 0.429139220413842 0.479692243890763 0.432822482945622 0.400274055816733 0.49004611897953 0.441029989725962 0.380400896198702 0.43425511614383 0.440848695974633 0.189634861722777 0.443897204262921
"47952" 0.493014346400172 0.162930402800982 0.847811230103847 0.567684020548084 0.668251646355643 0.19400094680076 0.472782421382923 0.102190222402905 0.727645871575595 0.0181897135616594 0.432461006386003 0.748790101233457 0.160327089949484 0.211519858075026 0.66242952514277 -0.0806428636842094 -0.0828468514987982 0.324409136170512 0.797372006065647 0.559548966655039 0.6941302274668 0.750622531123445 0.839357603334889 0.442926405610503 0 0.363502762020218 0.84353538800676 0.716784547462179 0.703469893075068 0.0342636021555739 0.0321633487737211 0.794405378264874 0.830054373456067 0.811012356629814 0.836807170021446 0.714651956911747 0.809808661248541 0.787544211294395 -0.165175958585535 0.851789571029473 0.355252597308053 -0.156479371504936 0.371942536541298 0.842769787284939 0.839407212201544 0.793489991817086 0.764981551241844 0.845439816626719 0.122980140883613 0.446326098183398 0.576988996151512 0.782117848709896 0.80814844570913 0.733444840941428 0.705604849078649 0.824128476201883 0.805245866624803 0.706384322076917 0.805478759077236 0.823102899162687 0.509678655739885 0.806258319937014
"48755" 0.152643925061885 -0.0422963388631684 0.414289707325639 0.20687533185348 0.312724816351505 0.137517566972389 0.59006008584956 -0.107129799050794 0.352511238417014 0.123134746971162 0.10725940244676 0.307948346230817 0.0100894873771892 0.0298342270348169 0.300832673330827 -0.116233406841338 -0.137732338564221 0.0147419330711826 0.38171288751665 0.208674047229772 0.328651235894919 0.28701962443794 0.408910130630527 0.135916293792229 0.363502762020218 0 0.412733165247285 0.311791649357741 0.26849750022291 0.0874767676229685 0.095838160217892 0.329276952816971 0.411531692128792 0.375410078146317 0.392373431781198 0.343756242555194 0.344992132398649 0.383700682084648 -0.065979534070959 0.417924345840434 0.149537636707906 -0.11381714204048 0.116371955445958 0.412948752688538 0.381840474691049 0.374332875754681 0.388814277531726 0.401770530749997 0.0110869090783153 0.1259021780047 0.22976758032055 0.378502511674529 0.373511013554496 0.292842737584732 0.340348402036893 0.373566538959481 0.379363665789744 0.343770755104909 0.378518913432833 0.41129774566916 0.401647005050541 0.376337745392595
"50356" 0.526858005514754 0.157654014680454 0.940995118800687 0.614311996852569 0.744110758945598 0.189343621036711 0.513013560970012 0.0537867778612467 0.805473691841328 -0.0406123458628623 0.43346540402109 0.811413356029093 0.185940918184334 0.239642136617852 0.726448999952881 -0.15913216799649 -0.0949533883383633 0.291884635069286 0.884132211998617 0.608228076276387 0.772568048485318 0.800297149290708 0.930175382556034 0.463324873881882 0.84353538800676 0.412733165247285 0 0.795523162924294 0.745099058763287 0.0429340214269038 0.0481257510200514 0.852294942472283 0.921913335783368 0.890985358182277 0.914163959626126 0.794537070768896 0.872889889479891 0.871831023323371 -0.240354957381726 0.943053766593858 0.39208799470151 -0.181757619420996 0.404272380228454 0.933236274872446 0.909594314191381 0.849041673616782 0.861139719430407 0.933820917125762 0.123189387581919 0.449481330399282 0.615332321252553 0.864902117479011 0.887828478733695 0.779880387844028 0.763127457200558 0.900697356833018 0.88665136504476 0.781805976860847 0.885214004615952 0.910137844640206 0.577191151966407 0.885951461516035
"51176" 0.715667914275219 0.506667903052415 0.807223602424001 0.704534462012513 0.734315692077587 0.113847611692976 0.440673866099259 0.197657390188843 0.700440605320481 -0.0583452671963759 0.39053661255692 0.716480612352261 0.56737639808163 0.611834176777572 0.686144822254271 -0.131352443809428 0.335985298849978 0.289830846628272 0.76765792204926 0.731621475137119 0.751391480621249 0.749818826909127 0.789091300913249 0.657457836069401 0.716784547462179 0.311791649357741 0.795523162924294 0 0.628015027350068 -0.0550953839640293 -0.0720117221348011 0.714578941606486 0.786579341673186 0.73944685731256 0.787263864083588 0.702359062301958 0.730231247531425 0.744083942780873 -0.248431025808744 0.811645107780636 0.254785456925356 -0.243542264155727 0.462530611983873 0.804065681920791 0.775224758267731 0.79162266481595 0.705000686603332 0.789955806263778 0.0201984605998284 0.366704115542012 0.501947924812712 0.733400105818427 0.751354759785809 0.662082608024691 0.648401948521765 0.759833922700487 0.7529094874901 0.663238110108442 0.753637892609857 0.772099001057617 0.446225225733293 0.752182295630828
"51345" 0.554542627186962 0.281548811240588 0.743185414157202 0.605082854713172 0.574531130972739 0.3332291034735 0.419545088187968 0.457981276944358 0.645303874728101 0.364516737689401 0.670048233449417 0.831021458337377 0.108968902052913 0.169054491569629 0.607772241236401 0.301291417896397 -0.0258402332920754 0.67227649832185 0.721604631444058 0.55693781397948 0.592574883284294 0.85828183609064 0.749797420126515 0.432637508031409 0.703469893075068 0.26849750022291 0.745099058763287 0.628015027350068 0 0.141337111663343 0.107097477922266 0.880226481776397 0.717966904540169 0.796878467913143 0.767052281334407 0.636640136863732 0.870297519229447 0.699248149545033 0.219031540397392 0.758198996905169 0.460827434311668 0.0681913665854327 0.472149837741303 0.73522486402781 0.809146377978284 0.683122212174981 0.666916997623477 0.790082312238162 0.331344225808417 0.672069198659852 0.680625928765646 0.71167457968991 0.786118802215787 0.840547582756747 0.735933082076743 0.82035018786109 0.755885352781724 0.632684154677992 0.758902471339406 0.740101480087482 0.376112604079958 0.766956883492819
"51636" 0.00150358348622398 0.0321705508496366 0.0151384288362563 0.0624898817043219 -0.0277431589608113 0.387004732159801 0.0371740974132717 0.242198068959729 -0.00342994256845018 0.217363991123268 0.280620682609649 0.294734856414399 -0.0787736081540492 -0.0630897962661474 0.00699865666300838 0.294992139123425 0.0680288234451785 0.207812245832462 0.132998148838014 0.0862971746218127 -0.0281751370146832 0.121016443628561 0.0217372344186986 0.129877734555385 0.0342636021555739 0.0874767676229685 0.0429340214269038 -0.0550953839640293 0.141337111663343 0 0.988922671536558 0.172694769850413 -0.0197211753958392 0.169230468663338 0.0173876722313199 0.0446547141101979 0.190816225160029 -0.01080257431536 0.421948719413662 0.117660756162807 0.798759009296457 0.781142533196517 0.456854392729336 -0.0172516194766135 0.0235746679519569 0.0191765050313489 0.239225587124506 0.081814927932616 0.685239547493704 0.196762457782588 0.213280852563201 0.0456549859028103 0.137435917369909 0.0810785100814336 0.0497586670393135 0.146328457052369 0.0324568029940962 0.0227757948040373 0.0113848090370353 0.0204338795462429 0.302608394935794 0.0377578863730425
"51904" -0.0422673071006025 -0.0237200180335799 0.0185201486084359 0.0321372610216477 -0.0328623915632843 0.344290207899111 0.0203903873014421 0.169916118920379 -0.00231216370152296 0.149359757403873 0.238320086419082 0.280051057987933 -0.109169331387398 -0.095399086344327 -0.00165803424669513 0.209656996439908 0.0298182268426451 0.13819930101888 0.13957777055541 0.0629373067403695 -0.0317156666789927 0.0847674486189548 0.023807431630657 0.106795723132967 0.0321633487737211 0.095838160217892 0.0481257510200514 -0.0720117221348011 0.107097477922266 0.988922671536558 0 0.149782426852664 -0.0156836797915469 0.167411238365936 0.0127221379630523 0.0462630053534991 0.173948787270489 -0.0121439780693687 0.358631456538641 0.125309956538875 0.803248526641467 0.791760617870046 0.451546943624895 -0.0160093459451428 0.0116966541226578 0.0212967727571252 0.262828375228079 0.0816545315786354 0.695099761535285 0.154582972229781 0.19110768554197 0.0464451031521778 0.134611070323861 0.0479724176124738 0.0323137406322382 0.139497115623802 0.0273607145311625 0.0243933665697994 0.00402779687093305 0.0208108217526364 0.291220699762365 0.0309075705887218
"52223" 0.582538242452157 0.268461156090518 0.849631093835591 0.655658798780433 0.660314972380571 0.322373198815497 0.466586251226491 0.387378269077948 0.738004965165338 0.277552933557269 0.66595172178305 0.902932210747197 0.134709461419738 0.200126292986612 0.68464382526644 0.193403411666641 -0.0381396610167959 0.619683728175109 0.826390533748175 0.617146812078257 0.682760205718923 0.905901361825823 0.853953620127699 0.483275883510174 0.794405378264874 0.329276952816971 0.852294942472283 0.714578941606486 0.880226481776397 0.172694769850413 0.149782426852664 0 0.822432189790454 0.894485387831382 0.858885645049226 0.72898437845062 0.97299377834303 0.797222651808108 0.119893393937431 0.87119418496525 0.521781064404017 0.0589273780475467 0.521637208715 0.840521612637521 0.892482612361925 0.778068665161219 0.786409469835116 0.88990068939272 0.347880484899868 0.664374720086649 0.721893960457141 0.806368953228397 0.878190704048457 0.882143575042433 0.791432516327225 0.909385602917798 0.850487942677675 0.719682458786669 0.845709659015632 0.839971331366587 0.458359805580403 0.858934484351524
"52810" 0.509487890028929 0.13488601298101 0.929428480971663 0.592714602753868 0.736708064687883 0.171495756231323 0.513379028501147 0.0146463471241526 0.80373254566236 -0.0624978234511403 0.39179586993522 0.768436620698858 0.177045694706064 0.228422607567347 0.716886598436506 -0.180633191266753 -0.119064618275181 0.257154924212556 0.859879127786317 0.58524736848504 0.769302007249337 0.774307831225628 0.922725794754952 0.434683999528046 0.830054373456067 0.411531692128792 0.921913335783368 0.786579341673186 0.717966904540169 -0.0197211753958392 -0.0156836797915469 0.822432189790454 0 0.864424141913823 0.902694975795814 0.780894911455652 0.842276683105626 0.865603689559795 -0.27695386109306 0.920838343893639 0.32502034434535 -0.257873905181992 0.344530245206615 0.927752904613155 0.89759880741806 0.840461764190256 0.830339971841199 0.915624702725617 0.0477839490161881 0.419453086215126 0.585400840595704 0.853290924022627 0.865662004454348 0.764481043791076 0.749691629469441 0.875206840039413 0.873655859667982 0.773284146194055 0.875301326212681 0.900841887333481 0.579123023600903 0.87226626490079
"52818" 0.53379675862459 0.193777139243677 0.888457203478609 0.6244515071961 0.692921207213524 0.253215766483853 0.473578021388882 0.204824932805597 0.762615784813113 0.0967104059962608 0.546762597243743 0.866494804993274 0.151605145666578 0.206053384693658 0.696932275830359 -0.00786195518046797 -0.0699570764869805 0.434664154158725 0.860856282653832 0.60667080997275 0.719176816094762 0.839171948949997 0.88647172527258 0.473572547889427 0.811012356629814 0.375410078146317 0.890985358182277 0.73944685731256 0.796878467913143 0.169230468663338 0.167411238365936 0.894485387831382 0.864424141913823 0 0.877425501835396 0.760089043460651 0.907303709922357 0.8250986852856 -0.0633120919494576 0.911833395287805 0.512748294556542 0.00481634956414597 0.497272660511636 0.879017287154103 0.889634846101836 0.808819667459436 0.848342342830999 0.910956305917154 0.292571009796487 0.545729621442778 0.67785306942038 0.833200695520586 0.887153017139791 0.812917142194295 0.766088780604615 0.905893776286446 0.857307118769398 0.746615831109473 0.853049356769367 0.872766582716642 0.520466819864816 0.860842046459919
"53196" 0.54441622728789 0.186514701621425 0.917785784875745 0.620997023191874 0.729751612247947 0.208508917681065 0.508956334258158 0.113930374286966 0.790747265716603 0.0224912676984005 0.463799137367344 0.809031735777625 0.186611372907061 0.242381546369111 0.717879623634772 -0.0868934206824883 -0.08134609230402 0.352959379924689 0.858932821733451 0.607835650890214 0.756522777104756 0.81725800585211 0.91165181153244 0.461073522740493 0.836807170021446 0.392373431781198 0.914163959626126 0.787263864083588 0.767052281334407 0.0173876722313199 0.0127221379630523 0.858885645049226 0.902694975795814 0.877425501835396 0 0.77720161548529 0.87336070260744 0.857067400876696 -0.182426649552513 0.915408616715921 0.36786513736926 -0.192182763788795 0.392986226659794 0.915041773724145 0.907855785007916 0.832032084976464 0.821757677962344 0.918347630148009 0.1133547013907 0.483834914547633 0.622793338112327 0.853731437263067 0.874492856656839 0.808499661058028 0.766936776701736 0.892107958875265 0.875435234490386 0.766449750452011 0.878476301875881 0.906612628951161 0.552110440458443 0.8765192607218
