"85" "439" "566" "735" "951" "2552" "8952" "9737" "17869" "19059" "22402" "46792" "49858" "54274" "55072" "55461" "55925" "55936" "57593" "57669" "62798" "63144" "63215" "64111" "66560" "66823" "67306" "67622" "68160" "68669" "69451"
"85" 0 0.637403130414459 -0.0178885688747739 0.604561596456363 -0.0506520229613311 -0.0685809666524532 0.264333449831928 0.536638137212972 0.187730251628138 0.296250609739631 0.425367168504567 0.508661216161489 -0.0397032128324233 -0.0130670341177462 -0.049728360315712 0.180686522771266 0.315094418241037 0.0765098477370405 0.0264460017133786 -0.043107152355598 -0.0524074756567059 -0.0409772435487302 -0.050246508072035 -0.0875877007864772 -0.11089116692997 -0.0316907265586057 -0.052625212607774 -0.0986285442149302 -0.177625924069904 -0.107891669446361 -0.187138453299467
"439" 0.637403130414459 0 0.647117962441153 0.312652396577331 -0.0678123115933524 -0.106088345624484 0.274776747189709 0.765360939082329 0.184401041704435 0.75427244319885 0.387080781781801 0.16863903114525 0.57557203431662 0.418042352758369 -0.00860353391666438 0.343416136321155 0.313578967913162 0.0122247302797845 0.366503168858827 -0.00275637889752047 -0.00505845052000465 -0.0957136360021761 0.031000837748756 -0.0702082995584563 -0.164649994915214 -0.0317931913655268 -0.126973555512091 0.0558098083923502 -0.147462200931498 -0.151864918409166 -0.203571879502998
"566" -0.0178885688747739 0.647117962441153 0 -0.0424383660955559 0.269197412827133 0.189534008744474 0.0534926043547633 0.240181497062599 0.134858113034443 0.596504735582073 -0.0212913416165071 0.118590746181613 0.75761560909627 0.745900849782339 0.282263646422827 0.0594413238189545 0.0256627367447265 0.0718297972799836 0.560945672508218 0.265077985673427 0.251489582148964 0.101404441546823 0.334002024746525 0.261863236312638 0.197513380048096 0.15809004608704 0.100298719919491 0.164383156467033 0.148474021255284 0.20552088053909 0.0824774071781375
"735" 0.604561596456363 0.312652396577331 -0.0424383660955559 0 0.415313251937146 0.314313125846156 0.705175354704789 0.443256929367302 0.612914504492451 0.450285524103203 0.759660955241779 0.658381822005276 -0.110142441929517 0.317492977358021 0.547566925770011 0.614689898698397 0.731768021578016 0.753638198305902 0.50666115727094 0.49252403428213 0.460600013294113 0.574262847092914 0.556558835537901 0.500653130015762 0.443562167456398 0.627708652566762 0.631919146892229 0.313561199734859 0.152904175508304 0.443814274470005 0.222812411406216
"951" -0.0506520229613311 -0.0678123115933524 0.269197412827133 0.415313251937146 0 0.726402802467891 0.432898251734266 -0.270117914269683 0.607882236028967 0.231199891626843 0.239083343486081 0.645505132037494 0.0256718266489555 0.591904921410556 0.780387847477599 0.0395973667517868 0.369223084289232 0.649319429600457 0.560055991120174 0.70989349229387 0.663976084695413 0.686143613732391 0.789371661212627 0.801900592893563 0.820717794259162 0.704660237331234 0.770499238021036 0.298993969150933 0.475506592140536 0.819757944230129 0.527490767166683
"2552" -0.0685809666524532 -0.106088345624484 0.189534008744474 0.314313125846156 0.726402802467891 0 0.33612163520759 -0.280423174353559 0.495472280459256 0.145337697545897 0.165171956568959 0.538305551799407 -0.011158014740533 0.468360933789956 0.645057959938285 -0.0261329340886225 0.279383160610494 0.524816380137993 0.435568970833208 0.58685653929467 0.548407920948251 0.567833518494919 0.64999645758631 0.668468070133067 0.687478372592403 0.577611274960184 0.639410424559297 0.233448132788269 0.404992092455288 0.683626717372631 0.440002006262882
"8952" 0.264333449831928 0.274776747189709 0.0534926043547633 0.705175354704789 0.432898251734266 0.33612163520759 0 0.41888429899253 0.862486066075426 0.699667245117039 0.885698867191251 0.392575012940381 -0.003540021828434 0.388403907728756 0.590838638987494 0.613990914665302 0.925913485348331 0.746861883148517 0.56337669959387 0.525048750203648 0.498154470758461 0.601975991746033 0.598207765752729 0.55610449234414 0.480121466766694 0.657802636019477 0.659135147452073 0.396428934914992 0.228736348073033 0.481061109052585 0.297421663665155
"9737" 0.536638137212972 0.765360939082329 0.240181497062599 0.443256929367302 -0.270117914269683 -0.280423174353559 0.41888429899253 0 0.132162866957515 0.694060295861873 0.636529263138 -0.152795951059565 0.331514790394297 0.0805276683649135 -0.161752804339122 0.770736226044896 0.500848042808564 0.112915017814039 0.243298971835923 -0.154254456852595 -0.137991438363869 -0.117880118046296 -0.137961815256273 -0.258470609776354 -0.389667122444808 -0.041608470113589 -0.158303130939336 0.144333105699827 -0.302308928437956 -0.378158096202306 -0.306723418402799
"17869" 0.187730251628138 0.184401041704435 0.134858113034443 0.612914504492451 0.607882236028967 0.495472280459256 0.862486066075426 0.132162866957515 0 0.61540829734812 0.719826054488492 0.572736174328266 -0.0015795456654762 0.518329995328683 0.741399587891453 0.330471162664111 0.819286703866389 0.750406999176084 0.597939764444728 0.663494430117523 0.622371379401302 0.690088362399523 0.742885479380238 0.727142825164547 0.698430746856828 0.729500294228326 0.768291277612428 0.369247920894904 0.375468957446764 0.695003713938537 0.435563039394226
"19059" 0.296250609739631 0.75427244319885 0.596504735582073 0.450285524103203 0.231199891626843 0.145337697545897 0.699667245117039 0.694060295861873 0.61540829734812 0 0.699103499627453 0.169923257755432 0.510543143476013 0.605095289213316 0.382568601186329 0.595554897095835 0.708231987266795 0.438215539859096 0.650659603213403 0.340037385898561 0.332791667020392 0.304603878749107 0.414918477052726 0.314185314841215 0.201402350522661 0.388491510585568 0.318550909424623 0.333848374773307 0.0878946422969975 0.211139187240137 0.0871991734827082
"22402" 0.425367168504567 0.387080781781801 -0.0212913416165071 0.759660955241779 0.239083343486081 0.165171956568959 0.885698867191251 0.636529263138 0.719826054488492 0.699103499627453 0 0.284028198717329 -0.016413775830896 0.234101380328133 0.393447418501334 0.751860386084383 0.928563202889398 0.669130757663038 0.460632437491566 0.345739074521641 0.330038865217105 0.444449071804045 0.40211678765776 0.328333773391895 0.243765735164547 0.507949177288608 0.480360394460127 0.3445040684142 0.066049693031662 0.247515394802572 0.132926512583144
"46792" 0.508661216161489 0.16863903114525 0.118590746181613 0.658381822005276 0.645505132037494 0.538305551799407 0.392575012940381 -0.152795951059565 0.572736174328266 0.169923257755432 0.284028198717329 0 -0.0973287937969113 0.478158242275322 0.679281927289966 -0.0808246545213797 0.352042235855882 0.573769043990281 0.426301532549621 0.620983514496884 0.568316534662141 0.589344265828935 0.682677887312058 0.698313130250645 0.732919941939148 0.5902912503893 0.665384552796893 0.139010210040022 0.367285407387637 0.728350326830959 0.397173366698327
"49858" -0.0397032128324233 0.57557203431662 0.75761560909627 -0.110142441929517 0.0256718266489555 -0.011158014740533 -0.003540021828434 0.331514790394297 -0.0015795456654762 0.510543143476013 -0.016413775830896 -0.0973287937969113 0 0.523442285471536 0.0771913150835855 0.141128533380819 -0.00865047601277637 -0.0458537909121096 0.405287564576537 0.0800055466578793 0.0768270505844468 -0.0487704629026088 0.127811245570478 0.0507593057948976 -0.0266281652983968 0.00470600944948736 -0.0694458553997932 0.467024504421412 0.305333616566347 -0.0162993663417476 0.0618357605291602
"54274" -0.0130670341177462 0.418042352758369 0.745900849782339 0.317492977358021 0.591904921410556 0.468360933789956 0.388403907728756 0.0805276683649135 0.518329995328683 0.605095289213316 0.234101380328133 0.478158242275322 0.523442285471536 0 0.706117117294258 0.168470331890963 0.337618982750156 0.534366288626243 0.776141170240463 0.646575277797676 0.608619568818789 0.542166606122706 0.747420785639084 0.700926549345785 0.645730390057581 0.599082489679285 0.594342206562464 0.342550389646796 0.389903432038066 0.649927231199486 0.380413714508474
"55072" -0.049728360315712 -0.00860353391666438 0.282263646422827 0.547566925770011 0.780387847477599 0.645057959938285 0.590838638987494 -0.161752804339122 0.741399587891453 0.382568601186329 0.393447418501334 0.679281927289966 0.0771913150835855 0.706117117294258 0 0.189947501588735 0.530285992529474 0.820267680999553 0.712859113731726 0.821645523472845 0.771526359703699 0.811043062754574 0.921665721799484 0.914885365223183 0.90296513659905 0.86154483380115 0.904948202203306 0.404525633032689 0.519720165012087 0.900582420491563 0.574244229820716
"55461" 0.180686522771266 0.343416136321155 0.0594413238189545 0.614689898698397 0.0395973667517868 -0.0261329340886225 0.613990914665302 0.770736226044896 0.330471162664111 0.595554897095835 0.751860386084383 -0.0808246545213797 0.141128533380819 0.168470331890963 0.189947501588735 0 0.676263639966112 0.52072589478621 0.439586769306197 0.162683090575102 0.166466847775491 0.274078571050834 0.213185931349287 0.103744878474332 -0.0260263857457346 0.35990146040213 0.281190834805368 0.375554509647707 -0.0792409358224762 -0.0183291098020978 -0.0196093644403962
"55925" 0.315094418241037 0.313578967913162 0.0256627367447265 0.731768021578016 0.369223084289232 0.279383160610494 0.925913485348331 0.500848042808564 0.819286703866389 0.708231987266795 0.928563202889398 0.352042235855882 -0.00865047601277637 0.337618982750156 0.530285992529474 0.676263639966112 0 0.743380628981471 0.535360987170732 0.468613126409022 0.445576866257088 0.554265526551294 0.537384081629236 0.47765543677967 0.403328908973815 0.625061988638055 0.605820284967146 0.385946403484008 0.175064610501804 0.405748127397905 0.245979167777732
"55936" 0.0765098477370405 0.0122247302797845 0.0718297972799836 0.753638198305902 0.649319429600457 0.524816380137993 0.746861883148517 0.112915017814039 0.750406999176084 0.438215539859096 0.669130757663038 0.573769043990281 -0.0458537909121096 0.534366288626243 0.820267680999553 0.52072589478621 0.743380628981471 0 0.675090908957071 0.729971731665355 0.689173236022981 0.795999355300473 0.822463645889182 0.788277959325627 0.745953799704273 0.860107528441445 0.882359249410504 0.456504092481166 0.394836213442397 0.745383175677022 0.477905387849351
"57593" 0.0264460017133786 0.366503168858827 0.560945672508218 0.50666115727094 0.560055991120174 0.435568970833208 0.56337669959387 0.243298971835923 0.597939764444728 0.650659603213403 0.460632437491566 0.426301532549621 0.405287564576537 0.776141170240463 0.712859113731726 0.439586769306197 0.535360987170732 0.675090908957071 0 0.681589004758966 0.619206199308808 0.611003605177099 0.748188587630809 0.685208031138284 0.610824783875263 0.690315923391668 0.670056075682598 0.426161395849104 0.343901079782399 0.616884226332218 0.371919501676832
"57669" -0.043107152355598 -0.00275637889752047 0.265077985673427 0.49252403428213 0.70989349229387 0.58685653929467 0.525048750203648 -0.154254456852595 0.663494430117523 0.340037385898561 0.345739074521641 0.620983514496884 0.0800055466578793 0.646575277797676 0.821645523472845 0.162683090575102 0.468613126409022 0.729971731665355 0.681589004758966 0 0.703030688449554 0.732897255031544 0.83758353692467 0.834415384834767 0.821306655268722 0.770384624765446 0.819875085488097 0.364061741129261 0.473091905038498 0.819292965620032 0.521602138941111
"62798" -0.0524074756567059 -0.00505845052000465 0.251489582148964 0.460600013294113 0.663976084695413 0.548407920948251 0.498154470758461 -0.137991438363869 0.622371379401302 0.332791667020392 0.330038865217105 0.568316534662141 0.0768270505844468 0.608619568818789 0.771526359703699 0.166466847775491 0.445576866257088 0.689173236022981 0.619206199308808 0.703030688449554 0 0.689602242034431 0.787971707223584 0.778482866478719 0.769057792567157 0.722299869356118 0.77012189632737 0.348864409094134 0.443464259741263 0.767715893389204 0.491458671726195
"63144" -0.0409772435487302 -0.0957136360021761 0.101404441546823 0.574262847092914 0.686143613732391 0.567833518494919 0.601975991746033 -0.117880118046296 0.690088362399523 0.304603878749107 0.444449071804045 0.589344265828935 -0.0487704629026088 0.542166606122706 0.811043062754574 0.274078571050834 0.554265526551294 0.795999355300473 0.611003605177099 0.732897255031544 0.689602242034431 0 0.821684244110829 0.814397556361768 0.800946930263523 0.799752316656309 0.858360409806433 0.395131650542923 0.453311026507562 0.798008843801249 0.519606508712752
"63215" -0.050246508072035 0.031000837748756 0.334002024746525 0.556558835537901 0.789371661212627 0.64999645758631 0.598207765752729 -0.137961815256273 0.742885479380238 0.414918477052726 0.40211678765776 0.682677887312058 0.127811245570478 0.747420785639084 0.921665721799484 0.213185931349287 0.537384081629236 0.822463645889182 0.748188587630809 0.83758353692467 0.787971707223584 0.821684244110829 0 0.929751689105211 0.912205969643524 0.860297482493083 0.914574136648646 0.420877857522991 0.532635417754252 0.907278327813921 0.576049372824068
"64111" -0.0875877007864772 -0.0702082995584563 0.261863236312638 0.500653130015762 0.801900592893563 0.668468070133067 0.55610449234414 -0.258470609776354 0.727142825164547 0.314185314841215 0.328333773391895 0.698313130250645 0.0507593057948976 0.700926549345785 0.914885365223183 0.103744878474332 0.47765543677967 0.788277959325627 0.685208031138284 0.834415384834767 0.778482866478719 0.814397556361768 0.929751689105211 0 0.936115160483662 0.851052339918879 0.91179658846349 0.382915724964184 0.565860892657959 0.931634373145916 0.598739403720388
"66560" -0.11089116692997 -0.164649994915214 0.197513380048096 0.443562167456398 0.820717794259162 0.687478372592403 0.480121466766694 -0.389667122444808 0.698430746856828 0.201402350522661 0.243765735164547 0.732919941939148 -0.0266281652983968 0.645730390057581 0.90296513659905 -0.0260263857457346 0.403328908973815 0.745953799704273 0.610824783875263 0.821306655268722 0.769057792567157 0.800946930263523 0.912205969643524 0.936115160483662 0 0.814194330540289 0.901843616154405 0.34104882488084 0.57119511833938 0.977569583085068 0.646353197665078
"66823" -0.0316907265586057 -0.0317931913655268 0.15809004608704 0.627708652566762 0.704660237331234 0.577611274960184 0.657802636019477 -0.041608470113589 0.729500294228326 0.388491510585568 0.507949177288608 0.5902912503893 0.00470600944948736 0.599082489679285 0.86154483380115 0.35990146040213 0.625061988638055 0.860107528441445 0.690315923391668 0.770384624765446 0.722299869356118 0.799752316656309 0.860297482493083 0.851052339918879 0.814194330540289 0 0.889403926287928 0.434217574380686 0.454223706522526 0.816570977396969 0.524782286665411
"67306" -0.052625212607774 -0.126973555512091 0.100298719919491 0.631919146892229 0.770499238021036 0.639410424559297 0.659135147452073 -0.158303130939336 0.768291277612428 0.318550909424623 0.480360394460127 0.665384552796893 -0.0694458553997932 0.594342206562464 0.904948202203306 0.281190834805368 0.605820284967146 0.882359249410504 0.670056075682598 0.819875085488097 0.77012189632737 0.858360409806433 0.914574136648646 0.91179658846349 0.901843616154405 0.889403926287928 0 0.430901693177442 0.506984652970805 0.89747280374853 0.584095005002883
"67622" -0.0986285442149302 0.0558098083923502 0.164383156467033 0.313561199734859 0.298993969150933 0.233448132788269 0.396428934914992 0.144333105699827 0.369247920894904 0.333848374773307 0.3445040684142 0.139010210040022 0.467024504421412 0.342550389646796 0.404525633032689 0.375554509647707 0.385946403484008 0.456504092481166 0.426161395849104 0.364061741129261 0.348864409094134 0.395131650542923 0.420877857522991 0.382915724964184 0.34104882488084 0.434217574380686 0.430901693177442 0 0.693715402906508 0.340352108293933 0.418432868025379
"68160" -0.177625924069904 -0.147462200931498 0.148474021255284 0.152904175508304 0.475506592140536 0.404992092455288 0.228736348073033 -0.302308928437956 0.375468957446764 0.0878946422969975 0.066049693031662 0.367285407387637 0.305333616566347 0.389903432038066 0.519720165012087 -0.0792409358224762 0.175064610501804 0.394836213442397 0.343901079782399 0.473091905038498 0.443464259741263 0.453311026507562 0.532635417754252 0.565860892657959 0.57119511833938 0.454223706522526 0.506984652970805 0.693715402906508 0 0.568200143785777 0.536541972451117
"68669" -0.107891669446361 -0.151864918409166 0.20552088053909 0.443814274470005 0.819757944230129 0.683626717372631 0.481061109052585 -0.378158096202306 0.695003713938537 0.211139187240137 0.247515394802572 0.728350326830959 -0.0162993663417476 0.649927231199486 0.900582420491563 -0.0183291098020978 0.405748127397905 0.745383175677022 0.616884226332218 0.819292965620032 0.767715893389204 0.798008843801249 0.907278327813921 0.931634373145916 0.977569583085068 0.816570977396969 0.89747280374853 0.340352108293933 0.568200143785777 0 0.655013116803876
"69451" -0.187138453299467 -0.203571879502998 0.0824774071781375 0.222812411406216 0.527490767166683 0.440002006262882 0.297421663665155 -0.306723418402799 0.435563039394226 0.0871991734827082 0.132926512583144 0.397173366698327 0.0618357605291602 0.380413714508474 0.574244229820716 -0.0196093644403962 0.245979167777732 0.477905387849351 0.371919501676832 0.521602138941111 0.491458671726195 0.519606508712752 0.576049372824068 0.598739403720388 0.646353197665078 0.524782286665411 0.584095005002883 0.418432868025379 0.536541972451117 0.655013116803876 0
