"2096" "3487" "17868" "31893" "53176" "54049" "63274" "69837"
"2096" 0 0.213334687249906 -0.236406771591835 0.670509587823362 0.689120053370434 0.28663588699874 0.167238538535965 -0.184210119217306
"3487" 0.213334687249906 0 -0.026607344160228 0.84228629524709 0.554838583820499 0.592314644018708 -0.243900809393842 0.0762131610093265
"17868" -0.236406771591835 -0.026607344160228 0 -0.24217828653811 -0.125574145815081 0.554800688835866 0.287331768315102 0.74833493698792
"31893" 0.670509587823362 0.84228629524709 -0.24217828653811 0 0.706977894532953 0.476073025806917 -0.191175425336535 -0.131776621189399
"53176" 0.689120053370434 0.554838583820499 -0.125574145815081 0.706977894532953 0 0.518923999887753 0.402726787948999 -0.0302691576792209
"54049" 0.28663588699874 0.592314644018708 0.554800688835866 0.476073025806917 0.518923999887753 0 0.170782561053661 0.555741793210017
"63274" 0.167238538535965 -0.243900809393842 0.287331768315102 -0.191175425336535 0.402726787948999 0.170782561053661 0 0.531708562681588
"69837" -0.184210119217306 0.0762131610093265 0.74833493698792 -0.131776621189399 -0.0302691576792209 0.555741793210017 0.531708562681588 0
