"82" "131" "132" "458" "567" "578" "657" "749" "1452" "1564" "1571" "1677" "3179" "3248" "4087" "4271" "4484" "4655" "4823" "4908" "5423" "6095" "7519" "8141" "8761" "10091" "14990" "17830" "23444" "27275" "27933" "29467" "29577" "31303" "31891" "32065" "46775" "48732" "48813" "49433" "50115" "50394" "51141" "51235" "51519" "51687" "51924" "51928" "51952" "52226" "52309" "52457" "52514" "52530" "52643" "52689" "53050" "53288" "53450" "54150" "54393" "54537" "54604" "54620" "54869" "55316" "55706" "55949" "56047" "56161" "56386" "56560" "56898" "57007" "57020" "57055" "57441" "57542" "58092" "58226" "58454" "58606" "58673" "58732" "58831" "59177" "59213" "59245" "59247" "59769" "60090" "60100" "60188" "60641" "60973" "61022" "61663" "62263" "62912" "63033" "63700" "63709" "64598" "64759" "64843" "64968" "66090" "66101" "66200" "66792" "66828" "67475" "67563" "67571" "67743" "67849" "67852" "68432" "69571" "69599" "71155" "71321" "71392"
"82" 0 0.679962935410991 0.886380607116309 0.517769849027126 0.394617363673627 0.912300378205898 0.315727604829911 0.357587948670052 0.131170883068851 0.8441807774257 -0.00944049569223639 0.27317512998937 0.0121424588574874 0.304675731128422 -0.148437638578285 0.0336825450856792 0.112160499694721 0.544725824286649 0.362641587958907 0.175926700620867 0.604136637709131 0.686424140854407 0.218052486880517 -0.0878457154603949 0.104565943412475 0.20474050385803 0.173131168052294 0.0650304813522192 0.425395771126899 0.0273118877769035 0.286808814644551 0.100012123552762 0.131289549565529 0.228167634722398 0.590566770895856 0.122335342269512 0.279395114536226 -0.0378348320245006 0.258064438182793 0.264764315372977 0.0407293511906022 0.21921819260168 0.0141664836028262 0.0742313738840082 0.00746761321327966 -0.113664738939536 -0.00716050771683272 0.00367278943719935 0.117379155969497 0.228226832860607 -0.0232548783846507 0.0429254541154035 0.34548912791815 0.198033078966794 0.522197287976601 -0.00568365193279901 -0.0248095587797953 0.234436508052251 -0.137263516355611 0.249296768400388 0.00288608455973918 -0.0175304987381254 -0.00518449378847836 0.00921500986802724 0.269132764109721 0.0643494240218337 0.221024919861541 0.120587484049364 -0.0426538204936663 -0.0238967839751422 0.0766500965153259 0.0747883573591162 0.0530574522156376 0.252372687105705 0.325702491200175 0.115501513813918 0.319091733924286 0.285817957840267 -0.00644245064787991 0.0430694046106836 0.213220293728917 0.398025747569753 0.216018296678793 0.0136350860013104 0.504341311377967 0.21836701536641 0.103777024408709 0.118690385027194 0.459346450962378 0.307087087601696 0.0953063367573992 0.365449123985079 0.158155963602265 0.0589939183173564 0.366717934065345 0.223075276605151 0.116247227999029 0.115285747010935 0.0599341070806312 0.123748709989175 0.441096340270388 -0.000721474118803866 0.287669069607967 0.0556660066839635 0.0613018847841054 0.112723130738298 0.00448608432388598 -0.0159082012079453 0.0164843377911834 0.185672920002748 -0.0207975622025348 0.063305336343382 0.00582815642432166 0.0109051752639529 -0.0953289365195522 -0.154165971890515 0.133573127329648 -0.0329714266288375 0.138693129806861 0.0217872583464764 0.000355029935450798 0.0397173839936284 -0.0302065128389952
"131" 0.679962935410991 0 0.515520588709465 0.268635644649104 0.54437663444296 0.654594040555272 0.051779312597708 0.251262777558915 -0.228699603997705 0.81251974253321 -0.190091385399157 -0.0339186173380927 -0.290631859485746 0.124793181380007 -0.326886559800263 -0.145680357149813 -0.10271813296765 0.179332524777028 -0.109134336950224 0.351470917967292 0.657508343679298 0.568104444913971 0.217316603981927 -0.19772393369722 -0.0954100470085955 0.113096752221234 -0.229054051176146 -0.230665546587848 -0.0424883575908844 -0.241758465185581 -0.108684175757394 -0.105497352201079 0.0235836351536039 0.0868023087414273 0.103172023251344 0.271272291261523 0.450746899857867 -0.357089703168168 0.0298690359423923 0.383830142455702 0.0696415245006009 0.174807663306979 -0.217807363220481 -0.0726367475480953 -0.243862721210773 -0.24641344444659 -0.296098401493213 -0.257649730685024 0.0775279463315056 -0.180363901848986 -0.119808804423341 -0.196366044331953 0.604227025801292 0.0821182775706021 0.147833047752511 -0.244309552962731 -0.328159070505426 0.297116078767738 -0.297325097359392 0.584803471898783 -0.277690324292489 -0.312852227481993 -0.30197212217014 -0.292818470511782 0.381175798199774 -0.139784816864632 -0.0695692495741468 0.117215165455771 -0.108195059418861 0.0859222251802252 -0.134380493643622 -0.114752943489687 -0.0797807171508749 0.311903478561115 0.472290176153932 -0.100499431393551 0.120969597974043 0.07747869477319 -0.271285984477717 0.0969741939104189 0.191171341184697 0.375590425767535 0.174971601971719 -0.296826447832347 0.370075162238209 0.172042197432971 -0.0702150574331164 -0.0617608845108504 0.102641171399861 0.497757020698221 -0.150304032409057 0.380100907095262 0.0744166549052737 -0.212628119259006 0.104918582707576 0.263159995796683 -0.0791639293989043 -0.0879467344491369 -0.141195836338436 -0.0529445049547917 0.38465332169218 -0.289034642775396 0.539687534343956 -0.158179011130877 -0.169714720017354 -0.077325748742105 -0.298157013244579 -0.325821429508563 -0.150238478429567 0.0767368661307413 -0.321996165174045 -0.150456011991726 -0.281160893533064 -0.314531387433343 -0.18830313853443 -0.325661226316764 0.305231777476015 -0.342609065682188 0.0217381067365555 -0.259056970351871 -0.273127848475873 -0.22024974620455 -0.365362471976128
"132" 0.886380607116309 0.515520588709465 0 0.590363925387483 0.434637623625989 0.849535933288925 0.428121492378896 0.445818672934932 0.332695287116355 0.815848577021236 0.123381885870896 0.485382614365826 0.216467825400662 0.521414024509086 0.0259227647462461 0.180606760521351 0.302387712640234 0.690663175098513 0.569935179276898 0.0939463312525278 0.64417657045821 0.623462612447363 0.413411089434662 0.0324795617450534 0.278932804171519 0.283185014184021 0.375611555371938 0.33015479065756 0.59143997198281 0.21908549177697 0.440620480616792 0.278352454761551 0.209210571760044 0.386552762944641 0.64689229789579 0.0209875593809619 0.0496307144807163 0.191365646918519 0.356286602415001 0.0883275993282292 0.0846470995522682 0.217440967285687 0.22695108055883 0.149825765972364 0.203507790494324 0.0473413795687328 0.221836309148711 0.219661081623729 0.0973714753201118 0.424387581603608 -0.0158358255342354 0.249893270501765 0.414473767311546 0.31102002741372 0.669492383563664 0.183890091331318 0.187777022220033 0.364974780617959 0.0447161595632642 0.299647441900311 0.179679033850566 0.196303330458199 0.188837211338614 0.207658931294773 0.201934489579412 0.318157849352787 0.358397728482798 0.119272582282243 0.138464669405625 0.157240686633933 0.283480260000073 0.285219012371567 0.158087768600423 0.191484672786901 0.27182601576685 0.258992776537638 0.433803383283687 0.528421849507574 0.192847423853062 -0.0149364534323565 0.429655357206027 0.550908291790901 0.203640660301082 0.212038541242363 0.667131010222083 0.195251348165834 0.166668440189362 0.219029534180225 0.662400881860251 0.077635381317794 0.295813604264078 0.473893719156708 0.152264876668242 0.280069968967402 0.515828411309551 0.0978415300515252 0.265188815698192 0.206802558034769 0.203038088907308 0.278495236393567 0.535118578592654 0.250625462389669 0.0124153308636904 0.190980880307704 0.255658156400841 0.193230775472955 0.241513597017994 0.213344981776828 0.178180290369591 0.199898645122848 0.198233549111634 0.273060909279326 0.249322521830448 0.231555113085764 0.0437998408723763 0.0118719216833365 0.047642494732621 0.19160558099115 0.191524535725154 0.233831869338617 0.188435005024868 0.249033474148015 0.206230661927668
"458" 0.517769849027126 0.268635644649104 0.590363925387483 0 0.53769032604197 0.238662692099734 0.833997733198998 0.727540627435751 0.481554355312714 0.559591520095995 0.279698701757894 0.800242815816846 0.508533293766958 0.542464865702401 0.160173784642032 0.287925837893341 0.606723139264527 0.776650992056188 0.704357259842296 0.367575441499439 0.702901714556248 0.568566793531513 0.410865286923062 0.210006572335726 0.625761944277189 0.703128092562074 0.499903012838266 0.507921254030004 0.550563629376892 0.528030714815502 0.423083445317236 0.579672412382148 0.527999709675745 0.655282067620959 0.342069243211353 0.233472617582487 0.469190632370118 0.454476654150903 0.634512896409623 0.535680262573019 0.335826337199417 0.690499805239184 0.413347442714733 0.360097499074941 0.450868457343251 0.150510964880716 0.490668189592752 0.471922187879297 0.39634199522545 0.734575166402792 0.186922467605088 0.518642995117793 0.448179620889675 0.670533333723794 0.862149273398427 0.404943796173694 0.440314851501319 0.500961746948411 0.195241384841107 0.0623810314514766 0.508966648749523 0.471604786669658 0.5138397197347 0.549399178107864 0.547898930355976 0.500457166600467 0.639530674875613 0.346077554593339 0.230485119838233 0.187272857867376 0.524536568010949 0.488642155481079 0.302308930120539 0.544415747403906 0.603745565500324 0.630840999758367 0.883089206550756 0.737138672218763 0.447190594655694 0.354465185338746 0.496913496941974 0.755479850774165 0.677960863163836 0.52389862553755 0.780600248656017 0.613080908391062 0.602865589321923 0.637176155565562 0.826193167135052 0.485766470158269 0.582306458237109 0.684113827124782 0.594217620735498 0.520925038356975 0.674006803857244 0.535737866659244 0.662064378335423 0.678403152581423 0.52580310552744 0.648574105989972 0.685744633864763 0.506068329395948 0.357102549031576 0.534674105647919 0.582065352849102 0.668354301089752 0.516210295388463 0.508566674584437 0.333122827825377 0.650698106880812 0.471437301257739 0.545605813342186 0.523852126310843 0.474322706829891 0.232436526062984 0.202393605270894 0.367157404255782 0.46199814964579 0.592617055563585 0.531727124160678 0.479872845639088 0.570244600498858 0.487462580229158
"567" 0.394617363673627 0.54437663444296 0.434637623625989 0.53769032604197 0 0.26976288918183 0.427278553346579 0.488131040165891 0.0943697742159769 0.674344756054067 0.056055168754663 0.421460468609011 0.109225102081244 0.424945035605037 -0.0891477268021983 0.0978213591702625 0.28456914538783 0.445699353078331 0.262098891805327 0.302675802038206 0.779623300045167 0.432793988281761 0.485887595751878 -0.0119030668506171 0.292433360007564 0.400129143038225 0.0828050721842998 0.203860355448605 0.136268718004758 0.147434899918266 0.0698929083272336 0.276201456990751 0.264653471646495 0.415847376575228 0.00374343431793323 0.197366238044099 0.319202754578647 0.0703587016362202 0.284329073470629 0.33616842682049 0.169247592509087 0.370051277742373 0.123881133862973 0.117310968572807 0.125911940261365 -0.0322579924522761 0.128753965134479 0.143542952685885 0.17805333757534 0.26519733692761 0.0150908599089645 0.198171791796071 0.725749994639875 0.389691694815676 0.474777275961796 0.107212954874333 0.0671904989526758 0.560948711372226 -0.0450283369202122 0.581712084222826 0.101196849345692 0.091011692525336 0.0984669338190163 0.120064781632054 0.442167745993931 0.285463621925393 0.227338648369904 0.144105827281532 0.115100911790256 0.181439263807291 0.250813797314875 0.260166706899205 0.0454748005440382 0.382614057229199 0.548568826177781 0.252110863052634 0.531010205450272 0.553477955694467 0.107155436277628 0.119981930015928 0.520342267728845 0.730945184355845 0.362332968676571 0.102695525569354 0.690159147951423 0.317319816853533 0.197939862727784 0.246309659475169 0.496571017712808 0.363094854834287 0.244746374595233 0.675574274671012 0.255190336001652 0.186990177270864 0.364054092435646 0.27900741563339 0.292342922710647 0.233699358406531 0.188536817627676 0.315712969683801 0.573194514411356 0.159806464140471 0.315253305266575 0.171861842635927 0.224632629572555 0.23045745940034 0.141277743897642 0.110229428437332 0.136603961392566 0.285349891322267 0.0910909998247489 0.253849157097772 0.166116712963894 0.0833755461228302 0.0217512060109749 -0.0795501508519987 0.272483535917733 0.0752610377434973 0.267690191577906 0.152702259135928 0.105891527668491 0.200517017260582 0.0727151304403055
"578" 0.912300378205898 0.654594040555272 0.849535933288925 0.238662692099734 0.26976288918183 0 0.0326362751195338 0.134069972042957 0.0190707813444172 0.783977355921241 -0.0882621110642922 0.0752388307434677 -0.142500643299457 0.232006840170935 -0.186036552049901 -0.0280714952050627 -0.0662522037002166 0.370484195445594 0.201360459263294 -0.00399939827061797 0.44867719879535 0.546679271351728 0.189599942967235 -0.160903566125756 -0.0944896623333342 -0.0558192984680375 0.0600872124541721 -0.0373319329497066 0.332700825466678 -0.13938765884907 0.217415829469308 -0.0797526993165673 -0.0608757104854169 0.0435536084069488 0.585483338401201 -0.015990030826548 -0.00944015013683672 -0.164254114189231 0.0459568293301686 -0.0344458999445275 -0.0959422885344498 -0.0775651029615806 -0.0987109578058816 -0.054324572853139 -0.121663024840105 -0.139056624496871 -0.143433265433649 -0.125393034375911 -0.0681034605422365 0.0102199302181279 -0.126270224278004 -0.100244052031635 0.276231660093926 -0.0303571388887718 0.297424138567271 -0.117461730193606 -0.152229058065183 0.129001158593517 -0.182703649001499 0.346280701621885 -0.170888314130991 -0.155346086747168 -0.17444782952248 -0.172219126759428 0.0331823436615069 -0.0333103780145142 0.0186055163517583 -0.0273271676506661 -0.072490646963823 -0.0224336208858157 -0.0602210327248823 -0.0403182527681497 -0.0384818204697626 0.0117567882571037 0.0877276429126884 -0.103254723509278 0.0171725660488093 0.124948032459795 -0.136201749788911 -0.163261696060451 0.151629915925792 0.220101865809569 -0.0802497337906677 -0.153585433661581 0.341729470477116 -0.0495114600352072 -0.152763013510202 -0.128059689485374 0.268542467840693 0.0188563553672097 -0.0724096618311603 0.190471253515901 -0.112094562614114 -0.0766364135867384 0.197011619642449 -0.0600652166300382 -0.113833941018149 -0.160357234300404 -0.121026439433233 -0.0925234742051494 0.269657998278038 -0.12994279236629 0.0366575471969859 -0.136640036509991 -0.115744019627727 -0.1625096911454 -0.137169656310181 -0.164557439734855 -0.0636042519429569 -0.0956217397474321 -0.156917609218883 -0.0869797796121917 -0.133791445840647 -0.118858160321582 -0.168988316914417 -0.216785107133268 -0.0617995483959118 -0.164363290298541 -0.103083393796825 -0.137953211868009 -0.152476841703189 -0.134279914403102 -0.169453559174216
"657" 0.315727604829911 0.051779312597708 0.428121492378896 0.833997733198998 0.427278553346579 0.0326362751195338 0 0.687469633858016 0.544450135713463 0.350907130470311 0.33288305844181 0.769184309363154 0.590788972707635 0.522538466650599 0.262737875127022 0.329148090354563 0.650309260255572 0.721336551047348 0.719323936662546 0.317664073135245 0.556332214346911 0.424104542399815 0.378446962223413 0.278921921343593 0.670691964258521 0.701776742906871 0.553582227054562 0.574887921914699 0.546666387014135 0.602553975898159 0.437478226701879 0.625798016759293 0.541882171595529 0.659008909306129 0.278703294949004 0.191065559181948 0.385421460889554 0.54570429179104 0.639066265676598 0.469998605936842 0.352001695566493 0.680067389806017 0.477620282703999 0.387631603503546 0.522761133194634 0.226346233313215 0.576694746933968 0.548354462949859 0.393949057210026 0.77873093777773 0.215684424055523 0.582771015779482 0.332358758377532 0.677767946059164 0.820841993386342 0.475626507519551 0.52930761335272 0.455375052800841 0.287761509412865 -0.0655644627965898 0.590810302491115 0.558262200642301 0.601338785145811 0.635926224519198 0.481998381963364 0.549664481458481 0.667949095715083 0.343260816967087 0.280842062682601 0.219478969952952 0.574376898367838 0.533086699210733 0.343071334563193 0.49483158375327 0.518342923144144 0.675394728157837 0.870922104421711 0.729630142057612 0.525403416289758 0.363378517140114 0.470295928585631 0.68391189793345 0.660568367079292 0.609034194444869 0.698915020928275 0.592186630024248 0.641569635618993 0.676847181010803 0.799118278808366 0.392213685935092 0.636073033983645 0.612583180845951 0.600227060798746 0.586655138041282 0.657046673658168 0.493690314607404 0.704284135478631 0.724012946706568 0.578492535730605 0.685443349948846 0.61177395461352 0.590692453205561 0.249419616564708 0.590816132859274 0.643958284739645 0.709364150941308 0.602495724876399 0.60307419485954 0.380101195026764 0.657675027177191 0.559108899818631 0.601185281332025 0.607149544835371 0.560006994904057 0.303144449631516 0.299846517606186 0.330817725427458 0.554315490317411 0.610798725681655 0.611170724473323 0.558481709576871 0.643303479735839 0.587326270838782
"749" 0.357587948670052 0.251262777558915 0.445818672934932 0.727540627435751 0.488131040165891 0.134069972042957 0.687469633858016 0 0.634146059704573 0.454054021158444 0.383498280466956 0.648402404879587 0.677670093307065 0.743858468092061 0.25474819822002 0.400532132141198 0.803593904986182 0.632553035101166 0.577306478726899 0.413166732994512 0.609414061951542 0.332442437737327 0.301064734286085 0.297811323415987 0.821367502450147 0.873617085365771 0.651558238796965 0.712477800041308 0.677781956106044 0.7033399509223 0.529417207012717 0.770911499938452 0.661793122437487 0.853199528069333 0.357726505760586 0.242882917907605 0.465493181134979 0.620074294052085 0.785795022813208 0.564963318822134 0.423176618668423 0.822553289953119 0.565220173468038 0.453022370817697 0.614645685786339 0.244337879999339 0.675791674359126 0.663364521910726 0.475133566479377 0.610192897996345 0.221562449377152 0.697816939698375 0.614611487921246 0.851251737374982 0.705662615436054 0.557122213887755 0.602226907297141 0.684644109674118 0.30719460651477 0.152192906644695 0.670401027231203 0.641091541300069 0.683343686904813 0.729171731428737 0.63572205829295 0.709550783032096 0.805284171988814 0.406752347439918 0.359483535966472 0.318113580677081 0.720374302827308 0.680500820709261 0.390850067894159 0.351239404018765 0.714610855084192 0.80648451213078 0.743195409677923 0.660680310071891 0.611152157824022 0.39374829443025 0.709402186555749 0.677166413017187 0.798508800302866 0.697214069367271 0.682389957344185 0.713247660779937 0.735791409402574 0.798345906611551 0.697297573585985 0.486160243120164 0.775469160605043 0.611294804798045 0.699833984836884 0.709738011098402 0.850653501741696 0.578437866305735 0.850069099056681 0.836538500439538 0.682042026801728 0.838401824033472 0.864227645205741 0.706260808783758 0.314928569548024 0.687022565012127 0.768208168275666 0.818264301652056 0.706944930867418 0.692682223630433 0.465623087813773 0.7748927606611 0.644242547678277 0.742260091037924 0.723399351931572 0.643617043990054 0.340457530350869 0.300757584844908 0.411772065664328 0.631984127198478 0.726352940639893 0.716033608700249 0.644057524425034 0.765961360170347 0.66847783092834
"1452" 0.131170883068851 -0.228699603997705 0.332695287116355 0.481554355312714 0.0943697742159769 0.0190707813444172 0.544450135713463 0.634146059704573 0 0.0618229732273596 0.459463155086645 0.616109040399984 0.778385571701983 0.673044039315565 0.480658899244129 0.469246147933134 0.761639566678558 0.550759152199618 0.673014547600777 0.0905211382805323 0.175267287712959 0.0696103491687427 0.224903845639263 0.402757356477178 0.755294520744798 0.632425806873372 0.792278555123765 0.819909433170099 0.780278195258844 0.756454654952781 0.656182234543182 0.732919880011764 0.525529899212064 0.698591639812104 0.486051257827186 -0.0188706133929636 -0.030806399302324 0.776960400400034 0.671733501823654 0.107436140577088 0.326035844863335 0.513199677532775 0.639816174786093 0.42591143110431 0.695996034061642 0.4118982300811 0.784168483703037 0.736234317390774 0.284729560079183 0.665881935087962 0.193252830089303 0.746143957702791 0.178806783118906 0.654095254561736 0.600235000335316 0.646702898049403 0.739576619120798 0.424591299850396 0.499413341316312 -0.171702637136457 0.738292275261773 0.759017798319502 0.770730677630596 0.801849476199429 0.226804194923215 0.748220567313225 0.75774766262122 0.288512576999664 0.445373497615593 0.368807095718772 0.720755138065363 0.688184661104706 0.452586320688299 0.0432686696727161 0.265583486473472 0.73437539325237 0.520969053797787 0.570784746791764 0.705126739768344 0.209992988181182 0.560942907922178 0.373300662584985 0.485398058434169 0.786974559424192 0.435589120630353 0.432157474580455 0.608516587893504 0.680464720310818 0.63470946709783 -0.0352296855417742 0.77731936954998 0.297174137822338 0.469264191502619 0.776257482006703 0.749672646942792 0.214390161014195 0.752175911319617 0.711685628727527 0.658331860893408 0.731681112156189 0.559970898917761 0.814794288141585 -0.213528646978768 0.664697643805184 0.769955258778662 0.685041848053725 0.816968173613311 0.816297102967071 0.5148003767895 0.544728963284303 0.76729211362449 0.744900058492953 0.822171964702014 0.77901321635065 0.433055640204899 0.494944297816784 0.0990659272870446 0.772942429439 0.551311557733787 0.78837586183233 0.731223424864829 0.799767292392796 0.826258332531527
"1564" 0.8441807774257 0.81251974253321 0.815848577021236 0.559591520095995 0.674344756054067 0.783977355921241 0.350907130470311 0.454054021158444 0.0618229732273596 0 -0.0217727860597096 0.348445524213985 -0.0172438963106641 0.428658248907486 -0.195905502428244 0.0408760500506605 0.164542039293875 0.545580734374277 0.298399509874176 0.256216262308321 0.857299278632653 0.666204943574356 0.449297099850388 -0.114113030761201 0.156451475913133 0.28238537716132 0.0783414043844983 0.100777463222803 0.278902693708153 0.0168164541300135 0.161807201612717 0.150019452051251 0.169860420233417 0.332370921093395 0.333874664052164 0.168265907806605 0.298211293828464 -0.0716732945292311 0.245461620630848 0.28911640510905 0.0765381574623402 0.26256776747257 0.0186377684887522 0.0575971020492304 0.00700034002638355 -0.127237058882349 -0.00847043196503774 0.0147303592166071 0.115468949204991 0.195827644214318 -0.0532333584346118 0.0731634679149716 0.703898122457875 0.281327251213228 0.5281708932359 -0.00485851818008846 -0.057678684186668 0.474171260134017 -0.163495122460237 0.62292198086256 -0.033429017756149 -0.0412311370345614 -0.040616112465257 -0.022198329919513 0.385420538879086 0.166446838516964 0.182756917319254 0.10680280575963 0.0202707615587159 0.0954666305625924 0.135614875705803 0.151606516280035 0.00540680105175592 0.327434853865951 0.495249806620566 0.129298872995811 0.420632664746165 0.468105919107148 -0.0163748264221236 0.0222103798296897 0.453203852372259 0.673155572854029 0.256875954838487 -0.0262239689846403 0.709490865479103 0.242065262497996 0.0762744230172366 0.11956718602452 0.518159449792946 0.347314136519535 0.125445809698728 0.614659570762422 0.154019711790815 0.0757698831607202 0.383000013140203 0.221257563684206 0.154351991918959 0.0957581287266868 0.067283496594307 0.182210350356605 0.591241626253442 0.0201266388177051 0.325299856969153 0.0490834089325052 0.0886997766004826 0.0937538565874378 0.00243324796338104 -0.0333680816293614 0.0490107503024319 0.183855869608811 -0.0422751770912169 0.123628993846837 0.0243123263134855 -0.0274114634350971 -0.0944896538719485 -0.20491138610663 0.20154080970615 -0.0606245216754297 0.156351140401772 0.0189616236605759 -0.023603142640679 0.0600276437156201 -0.0665401731790451
"1571" -0.00944049569223639 -0.190091385399157 0.123381885870896 0.279698701757894 0.056055168754663 -0.0882621110642922 0.33288305844181 0.383498280466956 0.459463155086645 -0.0217727860597096 0 0.379023800360371 0.485664655952421 0.399901199311635 0.299230851851466 0.290286995505192 0.476639611870829 0.306837593123902 0.390926181007097 0.0630445972694499 0.0880993725688032 -0.00679623029930733 0.139335351588786 0.259399137571991 0.474532772165518 0.397064682259022 0.472665594429074 0.507373574360402 0.436933372925291 0.475433863962782 0.372832152816854 0.459090234580495 0.328612605855457 0.432056076079868 0.225629933305685 -0.00556027564908344 -0.0141167388992198 0.488324819182734 0.407614047779335 0.0731088233271281 0.2074279473679 0.326268264229537 0.401119849688194 0.265029503342801 0.435616908217515 0.263442768183281 0.493198043259041 0.4630541227779 0.181573820350599 0.407826418395973 0.128183718040223 0.463246004611366 0.110930789553046 0.410379147185101 0.344592361647922 0.406686249415414 0.46440370737488 0.266068935163913 0.318414338323941 -0.109901125473591 0.46537833379781 0.477254082208477 0.485543237401517 0.504739310432694 0.14606934974306 0.466665763712557 0.460106968344266 0.173875685221161 0.283496808391797 0.236145724188032 0.451257177988146 0.427997577382676 0.276439441418725 0.0348409129646006 0.158813068533374 0.460909030449671 0.329199078922733 0.353620139637817 0.44350756138848 0.143310452360079 0.346989280635736 0.231813854947374 0.309400799629938 0.493253274100505 0.253831448552624 0.269599921418802 0.385762975215752 0.429572448449547 0.369304273319854 -0.0160175661100526 0.484032158257274 0.184151515194919 0.298861237989025 0.482318221094611 0.440185303235904 0.13880603787631 0.473397262559807 0.450275468222598 0.415243540032639 0.461466893478851 0.328659821762168 0.510811322361398 -0.128872577158695 0.41954467831078 0.484521910905144 0.43420839957275 0.511724172486159 0.510536440143193 0.323320922183742 0.343847725189395 0.482586982696022 0.468638494194833 0.514741319646961 0.485103580998995 0.280434743260249 0.318857418325565 0.0727207022628664 0.486238474171442 0.349661317357152 0.493177373777944 0.456385881703499 0.50099044925901 0.515426281446888
"1677" 0.27317512998937 -0.0339186173380927 0.485382614365826 0.800242815816846 0.421460468609011 0.0752388307434677 0.769184309363154 0.648402404879587 0.616109040399984 0.348445524213985 0.379023800360371 0 0.64369935217942 0.652546024350273 0.343633712283104 0.397412927914453 0.692572888835937 0.751625118283262 0.787663954182718 0.175947145319141 0.545492072459105 0.338769395118911 0.517992103608612 0.316536513304194 0.6902095997571 0.639429139288245 0.63239233411394 0.706047312241828 0.622003690848496 0.643746715822982 0.511622847804033 0.664724197721271 0.497811167180596 0.681577147503651 0.329260650062639 0.0553444842987957 0.0865049373114059 0.632082549599487 0.617272744684241 0.20075953859159 0.311420515247514 0.529400156885003 0.542500493888284 0.371678775434648 0.585781330150822 0.31552182501318 0.659989291470287 0.629256753738146 0.28491650286391 0.803919265695369 0.161719458885128 0.645783028118161 0.378688504421157 0.64504498622299 0.827607820431937 0.54663240361378 0.603496119838293 0.511486214372563 0.380210524671778 0.0545701441163821 0.615528780018607 0.626141960174001 0.642448623515327 0.670628880903171 0.329254516085601 0.681844238384538 0.660005755866588 0.266623766949964 0.393574828910988 0.351627969716196 0.647378993288966 0.621298760805041 0.369606648039503 0.33952272955349 0.379003993173284 0.659843524418464 0.808231006690443 0.831989998278589 0.589221075795579 0.212388453289167 0.607585126762756 0.725954904484423 0.515706690610678 0.651081757718792 0.757976206273556 0.442162957929139 0.546286288782235 0.617572166069398 0.861517923206069 0.0967182672780514 0.686914751207795 0.622056428474484 0.4581197689772 0.666596357683871 0.688706747247882 0.264681775531896 0.687874751534811 0.639539067388578 0.580448643022038 0.686053438021072 0.613829629430407 0.690901113986346 -0.0579928472635098 0.580244006838529 0.68075192660525 0.61786666428547 0.685534290377094 0.673791276002852 0.44894045899011 0.523992802750912 0.635279829425772 0.668870194717785 0.69782536675649 0.636117461867596 0.35269098040868 0.367510140527861 0.175695710056343 0.631985203104925 0.524153426627531 0.666685578661029 0.606616903830591 0.692253425366076 0.668123920892323
"3179" 0.0121424588574874 -0.290631859485746 0.216467825400662 0.508533293766958 0.109225102081244 -0.142500643299457 0.590788972707635 0.677670093307065 0.778385571701983 -0.0172438963106641 0.485664655952421 0.64369935217942 0 0.671998024213578 0.491808280070759 0.485395436078534 0.814372773198445 0.529807076070323 0.672739973354871 0.144191924667041 0.170173844317527 0.020191483372873 0.215438779195577 0.437714622857671 0.81541541410585 0.708187532441904 0.798119428728736 0.848700404481138 0.744542615131452 0.81191807408544 0.629602120452751 0.784147998570277 0.578135599839794 0.744843522996404 0.386291167954339 0.0231195019088812 0.0471699226015276 0.819921923557909 0.71230615505638 0.18986079897423 0.367030658752275 0.599473165445036 0.676173639133948 0.460506743139056 0.737720534070215 0.430985272004236 0.830296989414788 0.779892860388481 0.338192702658086 0.696558730627989 0.230862770466275 0.783805446132187 0.195209006772829 0.721710304660668 0.601130227260391 0.684621611229165 0.783374347378527 0.455108471507373 0.524273624682921 -0.202290084790244 0.794530913442467 0.805198214029539 0.82607231087586 0.860168505840542 0.29251430379554 0.78067868573023 0.797258097776167 0.317892810486017 0.464258968699526 0.392207642983287 0.763046254216165 0.72007355226667 0.475463547281308 0.0968899239356202 0.313387486926855 0.800589162072818 0.585669815481169 0.592008200056191 0.748546413994528 0.279856109541197 0.58093949455299 0.399815030290032 0.570992523561079 0.841337666054391 0.438127488733266 0.501051222171798 0.685539191791021 0.753998454585134 0.629176071693464 0.0405043063622424 0.825572671562838 0.326728693347506 0.548181752338799 0.815929698423162 0.759286738736427 0.292780234102483 0.823005041774704 0.795757154369415 0.715029245707184 0.798778547523795 0.585021789077835 0.859251431933761 -0.148175966661193 0.729719897979744 0.829793227894311 0.768363508887055 0.862614362352792 0.861489901283798 0.542114813114738 0.626708414771971 0.813080784914686 0.793768072444006 0.866096043713366 0.817327490400255 0.469329816356363 0.529253293888119 0.162506753710473 0.818123074012041 0.623227409279186 0.837148395632019 0.774340006004955 0.85201535016319 0.867538375097811
"3248" 0.304675731128422 0.124793181380007 0.521414024509086 0.542464865702401 0.424945035605037 0.232006840170935 0.522538466650599 0.743858468092061 0.673044039315565 0.428658248907486 0.399901199311635 0.652546024350273 0.671998024213578 0 0.341663314920689 0.448548546739118 0.758197658015466 0.623816460878789 0.620163954419343 0.157544737841902 0.53059373230838 0.201015818571202 0.468687186652678 0.308651555979302 0.742045358431141 0.656875292006503 0.69415899133174 0.810678998728747 0.727950899681089 0.668966143432754 0.587490774466132 0.728208459238915 0.514143505209956 0.783569511753863 0.425446664020935 0.0170872814238753 -0.0204686619422987 0.663426043995108 0.658838951916329 0.109750550581135 0.306878138007635 0.503756714194211 0.587566553859718 0.374102862330321 0.624685390783361 0.336589755438316 0.707272206695475 0.67526479349656 0.246098167734968 0.580477646495877 0.113177767039238 0.7056002982373 0.603131047483934 0.694263058451563 0.645408399539266 0.581534887855513 0.63153828202298 0.681361637237482 0.393409983407983 0.306459505476268 0.616215253343432 0.658925777453427 0.647202729186111 0.681664710945114 0.335165387448383 0.801849359562062 0.698533461028745 0.244709426420827 0.463814752090261 0.462825009979745 0.727549416838307 0.715947811334952 0.376699936683898 0.0842276432943322 0.426832557342733 0.683051697225651 0.564167723031942 0.728016195181543 0.621781540718283 0.123698614515847 0.818826510336305 0.660501258382923 0.474641278280624 0.665802468327952 0.695367575423141 0.410120143514961 0.504529085762169 0.609304274913934 0.715866334072516 0.00644736300893511 0.750064193698329 0.553531289309855 0.407003289636588 0.733894598071587 0.798904535847786 0.17896362605173 0.719291892432623 0.609360464544934 0.599116004451011 0.726793725085426 0.769146421058438 0.757230866889556 -0.162798867395292 0.583526995986708 0.738527373606597 0.58263173136163 0.735328658247092 0.707769758473341 0.503935390260415 0.487536068052861 0.6637193544506 0.743771029332744 0.758953646173858 0.672224016526655 0.36976874520373 0.353374394259431 0.134937466375926 0.662776508216987 0.516558962103795 0.704646635286182 0.6240118326591 0.737182695352325 0.697261941995024
"4087" -0.148437638578285 -0.326886559800263 0.0259227647462461 0.160173784642032 -0.0891477268021983 -0.186036552049901 0.262737875127022 0.25474819822002 0.480658899244129 -0.195905502428244 0.299230851851466 0.343633712283104 0.491808280070759 0.341663314920689 0 0.296097602846654 0.433967042782092 0.235399281750952 0.383432145707421 0.0724326435378232 -0.0776374285279374 -0.0284199356863719 0.214940738852753 0.409765948276329 0.424146728511657 0.288316341352397 0.50234777276391 0.515032614688273 0.41578026708864 0.467631744786919 0.372494208303672 0.421584324900778 0.259059976869268 0.347428810710998 0.208645559551698 -0.0297286262833662 -0.192365470718021 0.517088285007999 0.333595575961804 -0.0963325504131618 0.329062525557958 0.196050357790422 0.404667372811134 0.237621471591251 0.439585364215861 0.421549148123356 0.522714898692953 0.468554620698071 0.107566511909385 0.407391606331112 0.0320342402110102 0.451150646089527 -0.0501590325550787 0.314822824996549 0.276451925730485 0.416082903799063 0.49416101030994 0.158968928558053 0.777407428463897 -0.246520533071439 0.463696096517696 0.492965174075865 0.489753548966531 0.502931635477643 -0.00941614626658287 0.453376509282948 0.407416257535368 0.259371110411652 0.447970046907996 0.372719268208282 0.427385122215087 0.406222934530123 0.435448394572361 0.0296453117583595 -0.0180666198445211 0.411298384587707 0.234031575768687 0.302463440346153 0.452844800589718 0.205537165080444 0.27307496469624 0.111315492659559 0.180588407459615 0.497012679548159 0.139826861356003 0.161014198868744 0.323743904288745 0.363044617886542 0.310885896845932 -0.206283201241699 0.456317285748193 0.0629349673005813 0.219584181164266 0.476297233391643 0.3622872338182 0.00917584744755989 0.411195895597523 0.380117469968602 0.38313412318908 0.397511470370549 0.190169129692589 0.524197135384901 -0.312702542596781 0.387591469643167 0.457929508679645 0.361718966596386 0.526310929676465 0.524486322309348 0.323002963527201 0.239481340939302 0.500460291858524 0.443873151121823 0.522024819836943 0.503362300666103 0.442086332191724 0.508486540086935 0.087564863275352 0.509570489376077 0.266667048207216 0.490090830817141 0.460726994207499 0.494933780972432 0.545335753673255
"4271" 0.0336825450856792 -0.145680357149813 0.180606760521351 0.287925837893341 0.0978213591702625 -0.0280714952050627 0.329148090354563 0.400532132141198 0.469246147933134 0.0408760500506605 0.290286995505192 0.397412927914453 0.485395436078534 0.448548546739118 0.296097602846654 0 0.536843182669438 0.334802581990979 0.406992952824478 0.0524134945880842 0.13810335222977 0.0135474870908248 0.189784475766941 0.253609496779873 0.480127989703863 0.395044538599881 0.48295506296372 0.530636750531581 0.460480736131535 0.475091102348886 0.389559466612676 0.468839681076579 0.325640284679526 0.452462709943 0.2505674794531 -0.0201006334386755 -0.0522049719075081 0.490214341309795 0.410930472700891 0.0386603512234046 0.200956766468716 0.308880964594071 0.40742383840266 0.26042035815844 0.43999247263699 0.26700614428833 0.499088421478299 0.470402692316778 0.16438554745539 0.408385170375082 0.110983556119725 0.472694526584849 0.170834241108573 0.415867261044844 0.364418940187714 0.411695834793898 0.46535864408274 0.307628298861822 0.318646090842846 -0.0363763129963244 0.458142421459114 0.478185915752792 0.480160995218907 0.499634047960528 0.140636033167816 0.495590387409613 0.461260937491989 0.162476870294811 0.301623094156128 0.265788275573552 0.466924779282028 0.448456513667983 0.274943231243991 0.0187973176451218 0.164408175694073 0.457833593325029 0.329862095191644 0.391670533594732 0.446183745365203 0.111913607748911 0.458576930574592 0.296044293869403 0.290731498360753 0.489583138008752 0.331125351678038 0.251392705938848 0.364232408129286 0.417656782068321 0.400024415481556 -0.0515520178490265 0.493506936692476 0.219810196922655 0.275135265369756 0.49405725482341 0.463737962323642 0.106016594119702 0.471800945212333 0.431087243473094 0.412221697024632 0.464918780431978 0.364775261135832 0.522140025453261 -0.164330484719963 0.412436843453849 0.489262959907887 0.413809232624756 0.518366117771385 0.512435181395752 0.334383244523632 0.323318428630269 0.484437625120845 0.48207422493293 0.52438095884842 0.488216614778652 0.31482722619711 0.311211188907463 0.0553976129960447 0.487546450896195 0.336688836112312 0.495900648076051 0.454696764261747 0.505181286892462 0.516232138977062
"4484" 0.112160499694721 -0.10271813296765 0.302387712640234 0.606723139264527 0.28456914538783 -0.0662522037002166 0.650309260255572 0.803593904986182 0.761639566678558 0.164542039293875 0.476639611870829 0.692572888835937 0.814372773198445 0.758197658015466 0.433967042782092 0.536843182669438 0 0.59332232046255 0.660975397640059 0.244393952648384 0.365277402584214 0.117562920033734 0.299606007786333 0.408505319940627 0.866440853153571 0.808951328056716 0.780071580968074 0.861470080779931 0.743959210600176 0.820346315036464 0.615610654161975 0.834564792170723 0.637777434575123 0.837259101430788 0.365007184356202 0.0957246449182588 0.171517569782327 0.794149475252367 0.770316683855397 0.312168693489385 0.405917766447129 0.701379068432658 0.677706130674918 0.477336756789447 0.735975587181797 0.393154721056057 0.826684516139736 0.784868694549451 0.388038557102042 0.701929670454751 0.230107284278117 0.803272828513987 0.407560547105767 0.811520419629345 0.667928195160933 0.684123451032406 0.760060338268383 0.596793979156992 0.503251018571459 -0.0246486352365294 0.791625652105789 0.795996542437267 0.819429892761589 0.861463344305651 0.430279588404314 0.822979786835974 0.83358910132625 0.355136745643597 0.474083912008859 0.405782906700995 0.799086581556821 0.759531944285988 0.469110999492001 0.185049455345759 0.481637475974297 0.843569154236771 0.680359525220331 0.680941874255517 0.74173192641766 0.317678334294218 0.71046227312394 0.560884637773981 0.671570228829117 0.830235228020764 0.580723304762357 0.590351285606861 0.724489199935575 0.810811870066313 0.697866167101741 0.178004632074231 0.85670379803282 0.474383290647082 0.61557569636753 0.827175922245485 0.83693771231934 0.387076681009008 0.877048732444133 0.839542677813891 0.740652638519909 0.863444669314332 0.731227237447643 0.861627631350046 -0.0140824064359481 0.745941896193068 0.856657002859014 0.813660031398464 0.859784827569951 0.850398549411642 0.553290789841931 0.696364795244692 0.797462139858119 0.829854305290278 0.870036742960926 0.798887685607366 0.455815393499672 0.474373385634338 0.257158504806225 0.797007226719275 0.68574257718333 0.84021182824892 0.781438140414823 0.870688308355144 0.843100295168044
