"3410" "3538" "4464" "5779" "7369" "8708" "16099" "28608" "50138" "50396" "51992" "54888" "56046" "56710" "57218" "57556" "58005" "59165" "59424" "64025" "66396" "67335"
"3410" 0 0.861763691331858 0.456183994830779 0.315805072781932 0.046528160518071 -0.198507973249338 0.848666250816907 0.198190724212913 0.808210152772841 0.883481889431271 0.415373442169763 0.874404289649953 0.591620496822956 -0.18068998622109 0.257963825860791 0.926892586490025 0.642796265286861 0.943307645240518 0.358775417450885 0.92994516771095 0.931060026120896 0.763296539189528
"3538" 0.861763691331858 0 0.414311580629514 0.44959753077533 0.234663304946784 -0.0280130170502725 0.885390558508715 0.520214741524954 0.849007912078651 0.885342370669199 0.593592540666412 0.820335470064301 0.703207517325036 0.163310719887225 0.424810976544925 0.828985930982168 0.505051828440131 0.870786989891301 0.4663056725597 0.920692234589028 0.840946924709921 0.830239872823384
"4464" 0.456183994830779 0.414311580629514 0 0.482886821499655 0.458781902348973 0.0177057333867438 0.374275630721944 0.106995527970733 0.354725106954124 0.466089225127627 0.124564635345293 0.413204337903513 0.605816158370643 -0.116502822010779 0.183626501792655 0.461615693838691 0.464713446386797 0.465340739722757 0.0643565612280004 0.438061461343527 0.462012348754328 0.424359595571177
"5779" 0.315805072781932 0.44959753077533 0.482886821499655 0 0.412136205785848 0.621848576078421 0.330366508382127 0.550713286846302 0.41214999441171 0.499273586955807 0.209629884241358 0.297123559776735 0.782853450797491 0.291508700751416 0.491885612757849 0.311369835262389 0.109598556937889 0.348021450374341 0.00523892158816871 0.364792286259582 0.321877811747342 0.573355291486709
"7369" 0.046528160518071 0.234663304946784 0.458781902348973 0.412136205785848 0 0.0353819500871474 0.052701161364954 0.599529998262132 -0.0155192512512143 0.330651191620898 0.0324584588375217 0.0264991753589318 0.392987166889967 0.393301047993295 0.572065821709237 0.0688090121426276 0.103976297890903 0.0977233035723375 -0.23441911457456 0.10579771111551 0.0753170874841292 0.490207977732525
"8708" -0.198507973249338 -0.0280130170502725 0.0177057333867438 0.621848576078421 0.0353819500871474 0 0.0170257376704986 0.351482448362312 0.225567621194412 -0.163062188066086 0.285979853950416 -0.130867144956638 0.202597028638471 0.469531383464332 0.0624302688572749 -0.253208317164318 -0.326028620198434 -0.207114892819509 0.271928959860476 -0.102886934772385 -0.23509658998985 -0.109450816831536
"16099" 0.848666250816907 0.885390558508715 0.374275630721944 0.330366508382127 0.052701161364954 0.0170257376704986 0 0.431761454880101 0.920896546925188 0.779159493294537 0.707424546287889 0.829204658889911 0.612142092349806 0.163905559726253 0.262994265731011 0.791286857675921 0.475730644200785 0.840348325675951 0.664916598397023 0.921366146374973 0.81128461210772 0.680739587107491
"28608" 0.198190724212913 0.520214741524954 0.106995527970733 0.550713286846302 0.599529998262132 0.351482448362312 0.431761454880101 0 0.417965692857582 0.429374853946827 0.58626248304114 0.22934321692166 0.588826502544708 0.817247152203292 0.622793215968983 0.151098362907368 -0.0677144296188733 0.231815527354844 0.336666059470113 0.371649565129292 0.180216533897769 0.57411326200468
"50138" 0.808210152772841 0.849007912078651 0.354725106954124 0.41214999441171 -0.0155192512512143 0.225567621194412 0.920896546925188 0.417965692857582 0 0.712033744684554 0.742439789982688 0.801309215148699 0.588789340139423 0.190881604757897 0.20722372450424 0.738868435472771 0.419450142645836 0.79262627941136 0.72687791256927 0.88661371113075 0.75946460527709 0.603805263062873
"50396" 0.883481889431271 0.885342370669199 0.466089225127627 0.499273586955807 0.330651191620898 -0.163062188066086 0.779159493294537 0.429374853946827 0.712033744684554 0 0.348200330347365 0.807642015356754 0.72084752172611 -0.0261421566155968 0.502697549263391 0.888183072544864 0.59130777445156 0.911574952137002 0.16819591038636 0.889752274128235 0.892857027553368 0.93188946195999
"51992" 0.415373442169763 0.593592540666412 0.124564635345293 0.209629884241358 0.0324584588375217 0.285979853950416 0.707424546287889 0.58626248304114 0.742439789982688 0.348200330347365 0 0.468740087596435 0.410395890062035 0.569745723099013 0.163651516621477 0.320311661736804 0.0804429531284834 0.395445426124731 0.85024899463784 0.576227542506602 0.351028285100022 0.313319245060626
"54888" 0.874404289649953 0.820335470064301 0.413204337903513 0.297123559776735 0.0264991753589318 -0.130867144956638 0.829204658889911 0.22934321692166 0.801309215148699 0.807642015356754 0.468740087596435 0 0.559162382201849 -0.0988584832440679 0.230752372261305 0.851654119046496 0.571883807495569 0.873760335160748 0.427852541919317 0.882660281235801 0.858539876329908 0.693933022471353
"56046" 0.591620496822956 0.703207517325036 0.605816158370643 0.782853450797491 0.392987166889967 0.202597028638471 0.612142092349806 0.588826502544708 0.588789340139423 0.72084752172611 0.410395890062035 0.559162382201849 0 0.267754175469214 0.510515759509191 0.576020279751489 0.318471835122173 0.618376116134023 0.219803082720483 0.655079000441226 0.589535232566347 0.746560802492052
"56710" -0.18068998622109 0.163310719887225 -0.116502822010779 0.291508700751416 0.393301047993295 0.469531383464332 0.163905559726253 0.817247152203292 0.190881604757897 -0.0261421566155968 0.569745723099013 -0.0988584832440679 0.267754175469214 0 0.355737161119484 -0.249398363081863 -0.35500418960369 -0.16917056540924 0.431193856066051 0.016759371159764 -0.218359491144226 0.119203859851726
"57218" 0.257963825860791 0.424810976544925 0.183626501792655 0.491885612757849 0.572065821709237 0.0624302688572749 0.262994265731011 0.622793215968983 0.20722372450424 0.502697549263391 0.163651516621477 0.230752372261305 0.510515759509191 0.355737161119484 0 0.269956407791551 0.113778388448549 0.303975788283236 -0.0934862392346902 0.319125671927644 0.278688588734736 0.621516866316639
"57556" 0.926892586490025 0.828985930982168 0.461615693838691 0.311369835262389 0.0688090121426276 -0.253208317164318 0.791286857675921 0.151098362907368 0.738868435472771 0.888183072544864 0.320311661736804 0.851654119046496 0.576020279751489 -0.249398363081863 0.269956407791551 0 0.659348116684113 0.936045669929678 0.252008773767376 0.898337502158292 0.928206345729055 0.77396253241636
"58005" 0.642796265286861 0.505051828440131 0.464713446386797 0.109598556937889 0.103976297890903 -0.326028620198434 0.475730644200785 -0.0677144296188733 0.419450142645836 0.59130777445156 0.0804429531284834 0.571883807495569 0.318471835122173 -0.35500418960369 0.113778388448549 0.659348116684113 0 0.645818880632275 0.0569807080113963 0.581248082651301 0.651984872771963 0.490447557511165
"59165" 0.943307645240518 0.870786989891301 0.465340739722757 0.348021450374341 0.0977233035723375 -0.207114892819509 0.840348325675951 0.231815527354844 0.79262627941136 0.911574952137002 0.395445426124731 0.873760335160748 0.618376116134023 -0.16917056540924 0.303975788283236 0.936045669929678 0.645818880632275 0 0.315981096844874 0.931661408269082 0.937522710168717 0.804056523653916
"59424" 0.358775417450885 0.4663056725597 0.0643565612280004 0.00523892158816871 -0.23441911457456 0.271928959860476 0.664916598397023 0.336666059470113 0.72687791256927 0.16819591038636 0.85024899463784 0.427852541919317 0.219803082720483 0.431193856066051 -0.0934862392346902 0.252008773767376 0.0569807080113963 0.315981096844874 0 0.500115721659054 0.27975980517057 0.0685657560338817
"64025" 0.92994516771095 0.920692234589028 0.438061461343527 0.364792286259582 0.10579771111551 -0.102886934772385 0.921366146374973 0.371649565129292 0.88661371113075 0.889752274128235 0.576227542506602 0.882660281235801 0.655079000441226 0.016759371159764 0.319125671927644 0.898337502158292 0.581248082651301 0.931661408269082 0.500115721659054 0 0.908349643483538 0.790343319787438
"66396" 0.931060026120896 0.840946924709921 0.462012348754328 0.321877811747342 0.0753170874841292 -0.23509658998985 0.81128461210772 0.180216533897769 0.75946460527709 0.892857027553368 0.351028285100022 0.858539876329908 0.589535232566347 -0.218359491144226 0.278688588734736 0.928206345729055 0.651984872771963 0.937522710168717 0.27975980517057 0.908349643483538 0 0.781153961147233
"67335" 0.763296539189528 0.830239872823384 0.424359595571177 0.573355291486709 0.490207977732525 -0.109450816831536 0.680739587107491 0.57411326200468 0.603805263062873 0.93188946195999 0.313319245060626 0.693933022471353 0.746560802492052 0.119203859851726 0.621516866316639 0.77396253241636 0.490447557511165 0.804056523653916 0.0685657560338817 0.790343319787438 0.781153961147233 0
