"76" "83" "91" "95" "217" "326" "524" "711" "716" "902" "1127" "2152" "2336" "2795" "3356" "4603" "4940" "9200" "9976" "25439" "38207" "46122" "46451" "46678" "48679" "51162" "52222" "52661" "53044" "53348" "56860" "56883" "57167" "58081" "64529" "67899"
"76" 0 0.191593220739375 0.48810408211192 0.74264050776085 0.875519693337898 0.201054530499844 0.505051608769484 0.193055842257885 0.400402904698444 0.280971207956336 0.243781540531932 0.328661088967449 -0.0760740581180654 0.0146200499913669 0.130211950770457 0.425745164315947 0.179024148522692 -0.0870402019853216 0.0212909428404608 0.218499694564309 -0.027700130775767 0.0131334176914186 0.0159957792452107 0.0179914814613867 0.32314066426033 0.0144620657824143 -0.13836000296475 0.0270487357781369 -0.0372692422726734 -0.0691841815936213 -0.0101645291318118 0.037662101712925 0.130160624856123 0.013254048941252 -0.156345333457893 0.0232157651583141
"83" 0.191593220739375 0 0.800207149894514 0.58074895777359 0.454102229904078 0.899071575726935 0.490454841419389 0.586928827155142 0.539210046936198 0.213315127901843 0.431463914076366 0.108177100908918 -0.362976422577318 -0.172310558751243 0.790247965585706 0.29217739441509 0.237917266844309 -0.332328137514595 -0.165919813660536 0.574577240043486 0.282057264228609 -0.159915618244208 -0.165048496616685 -0.209223301164195 0.440587652903508 -0.158614028276709 -0.101364245831144 -0.301122529822828 0.460536474370699 0.659705524451818 0.198661854482126 -0.21365657147859 -0.0707945258139142 -0.163908026178593 0.245338161043847 -0.269035916209428
"91" 0.48810408211192 0.800207149894514 0 0.889026455546422 0.756340269824436 0.886169471040347 0.840382945577466 0.830644934655342 0.853930117093839 0.622168911809432 0.715212428550719 0.569590465535286 -0.097843332051651 0.0921945863336019 0.840670620015296 0.628589670483711 0.61315695283187 -0.110359698997147 0.200416743438478 0.744748144380365 0.0479921325885041 0.174570015510612 0.113286889083892 0.103447546266658 0.553418395214558 0.118832585715602 0.0740101124561699 0.125925364816223 0.253982483524314 0.417437076513034 0.1968155238033 0.197886493307802 0.374164696782788 0.186844838543788 0.113323373540557 0.145722118749353
"95" 0.74264050776085 0.58074895777359 0.889026455546422 0 0.888435782915705 0.703155851585373 0.875451247226046 0.762847626794909 0.867495145111614 0.679075528588982 0.662332086523379 0.670415158281898 0.000757623282609408 0.173399016427198 0.646408159789645 0.723535945226886 0.638589203873533 -0.0128626689374321 0.282383341030736 0.692938689175196 0.00971392049417159 0.24599137594585 0.191691112447521 0.191431743636552 0.582074204625127 0.203026443483028 0.0819417465632096 0.246982427780977 0.157748646043192 0.244887427166378 0.193293585551064 0.298842177377513 0.470307515802609 0.25623878590023 0.0309112156861877 0.257672630875249
"217" 0.875519693337898 0.454102229904078 0.756340269824436 0.888435782915705 0 0.509578183915903 0.702150120507933 0.471896975386226 0.610819619227458 0.436080455056983 0.444003040999923 0.446933297834809 -0.117517239019769 -0.00641385155421119 0.544604252791892 0.437212304108753 0.339942320054086 -0.182844940513756 0.0611762953000913 0.351161748897755 -0.249388402550336 0.0496749616221897 0.0125018148512492 0.0307159546954792 0.257026143455091 -0.0222154660773699 -0.0965396345985693 0.0555092206604184 -0.140486257125959 -0.046809802264135 -0.136007405239792 0.0875863159536937 0.201974620895506 0.0946940806139044 -0.214924250897706 0.05174349055314
"326" 0.201054530499844 0.899071575726935 0.886169471040347 0.703155851585373 0.509578183915903 0 0.703239625052574 0.803426014599923 0.75643680619593 0.499353415852227 0.626998946146867 0.417580211300553 -0.160173403472348 0.0305790876703757 0.866364312740801 0.51125893832023 0.531995172203157 -0.152460273688516 0.113540478030958 0.743164819960121 0.180142626586201 0.0916227643215916 0.0477502291065023 0.0219129632176942 0.535840152899246 0.055732197066005 0.0726865526991454 0.00989067116531195 0.395280909309527 0.585929030800139 0.263679432976009 0.0931227144233656 0.258505958878515 0.116577847287867 0.236046937092019 0.0365928402443223
"524" 0.505051608769484 0.490454841419389 0.840382945577466 0.875451247226046 0.702150120507933 0.703239625052574 0 0.864958775410268 0.916501310882854 0.814440788878614 0.749499061039261 0.82778686809345 0.1734132976092 0.317845857867248 0.667985734900181 0.795479977535678 0.811299769690957 0.141339588812721 0.476610172271953 0.786927194758071 -0.00910099751998601 0.423300117270808 0.341485165504796 0.349326257210228 0.609816051888575 0.352702035150643 0.24336575945848 0.4518336313088 0.166958087326063 0.25422225139859 0.277715949025519 0.50480559585288 0.674813876889958 0.443351660744727 0.0951734640228641 0.466240673028206
"711" 0.193055842257885 0.586928827155142 0.830644934655342 0.762847626794909 0.471896975386226 0.803426014599923 0.864958775410268 0 0.959752559162969 0.824108662393316 0.789431014392129 0.787122070291675 0.167664103474535 0.340191734913915 0.758234529758555 0.777301353554729 0.868919002065563 0.170347688709143 0.510369864266271 0.880249247777748 0.0925585989979775 0.453238737554123 0.364623364690756 0.362592959498613 0.6450878797109 0.3861311426018 0.32028837035573 0.461977758627287 0.304293436560869 0.424773394880291 0.386161515598459 0.524139791880956 0.702357441602513 0.455129436777452 0.231794527546703 0.482528437697091
"716" 0.400402904698444 0.539210046936198 0.853930117093839 0.867495145111614 0.610819619227458 0.75643680619593 0.916501310882854 0.959752559162969 0 0.852042333058041 0.797598540785744 0.834076574201722 0.178410152677132 0.357043677774195 0.688437905570196 0.850421502283145 0.873024244848181 0.184778993742561 0.520725929183954 0.880844737001635 0.102074788693005 0.467956730034981 0.379066257747867 0.377585115952298 0.698754884092615 0.404591303475656 0.293602111512227 0.482707605144018 0.287504800486478 0.374063277385681 0.39328589650717 0.539009398927791 0.725763466611266 0.457704391085526 0.194427543666689 0.500113013144465
"902" 0.280971207956336 0.213315127901843 0.622168911809432 0.679075528588982 0.436080455056983 0.499353415852227 0.814440788878614 0.824108662393316 0.852042333058041 0 0.720357871993848 0.888519321276112 0.356723948058515 0.47779413109901 0.475664140243337 0.82060418844548 0.900658376965624 0.354881210380706 0.664749310489505 0.765159821124831 0.00173560875142354 0.596301816668041 0.500574507248372 0.516675649962766 0.595218370463859 0.52671269387971 0.394044995426384 0.671784645062225 0.148979377703129 0.175721726169808 0.369623258494867 0.703375155381335 0.852289010421225 0.593144705810338 0.140735539371423 0.686259384723818
"1127" 0.243781540531932 0.431463914076366 0.715212428550719 0.662332086523379 0.444003040999923 0.626998946146867 0.749499061039261 0.789431014392129 0.797598540785744 0.720357871993848 0 0.701832736679769 0.174422082241688 0.315823078578481 0.587190101779176 0.69855430408296 0.747327022155051 0.175757318646718 0.462292158019982 0.733833661483204 0.0631182965102492 0.475375099923067 0.33591303448782 0.337457651948879 0.557520650473801 0.355613274602399 0.27539006691463 0.431243487726233 0.227701647880609 0.306972453530369 0.324537997540318 0.485059010528804 0.628749557278323 0.411003644842395 0.169323228089958 0.447647571395117
"2152" 0.328661088967449 0.108177100908918 0.569590465535286 0.670415158281898 0.446933297834809 0.417580211300553 0.82778686809345 0.787122070291675 0.834076574201722 0.888519321276112 0.701832736679769 0 0.406468157795212 0.512605169152936 0.400445269561596 0.833962368703341 0.903277779633254 0.397017068358803 0.7045718823424 0.729091861158809 -0.0370250790765451 0.633351914856858 0.535294411170364 0.557602367243932 0.574949656914134 0.560952499582934 0.408425021309522 0.728233757876653 0.0920635387323941 0.0936087845486213 0.352799557773268 0.754075912693067 0.892099010582012 0.630638888962179 0.10532029087977 0.736814141078242
"2336" -0.0760740581180654 -0.362976422577318 -0.097843332051651 0.000757623282609408 -0.117517239019769 -0.160173403472348 0.1734132976092 0.167664103474535 0.178410152677132 0.356723948058515 0.174422082241688 0.406468157795212 0 0.425842485541429 -0.146902139060297 0.300068224894975 0.391253293944769 0.563023700123823 0.543521507649824 0.169072342639082 -0.0103991665886927 0.493063705033948 0.434332225875335 0.45538337487061 0.145998570801049 0.463945537251038 0.792983201026922 0.596558071507347 0.00251999234797661 -0.080716513670069 0.261336456539602 0.587223372468127 0.50748463981498 0.511969740399034 0.207110677375961 0.597518123063279
"2795" 0.0146200499913669 -0.172310558751243 0.0921945863336019 0.173399016427198 -0.00641385155421119 0.0305790876703757 0.317845857867248 0.340191734913915 0.357043677774195 0.47779413109901 0.315823078578481 0.512605169152936 0.425842485541429 0 -0.0126736197551159 0.472057510599189 0.514869633841605 0.46179983558738 0.641321999078269 0.37271356020419 0.154088868036336 0.726325622720938 0.76707249530348 0.765869653766414 0.346501897415314 0.703440368042457 0.405564418330941 0.661297489963216 0.210106876021263 0.145107232860772 0.453098446949187 0.671430476844674 0.585329399002429 0.680644684930303 0.211627177862917 0.671827405511463
"3356" 0.130211950770457 0.790247965585706 0.840670620015296 0.646408159789645 0.544604252791892 0.866364312740801 0.667985734900181 0.758234529758555 0.688437905570196 0.475664140243337 0.587190101779176 0.400445269561596 -0.146902139060297 -0.0126736197551159 0 0.32995917355684 0.478908455914362 -0.209737832503511 0.10473617161836 0.554968685484942 -0.19119764134935 0.0864118419406053 0.0172690310624117 0.0249610436715941 0.230425578422648 -0.0202289240916021 0.058746747185867 0.04042326460218 0.0560676742450331 0.298544386454571 -0.0325627481205481 0.106885267593499 0.22969496053525 0.144891237658433 0.0131352755345033 0.0512389045700607
"4603" 0.425745164315947 0.29217739441509 0.628589670483711 0.723535945226886 0.437212304108753 0.51125893832023 0.795479977535678 0.777301353554729 0.850421502283145 0.82060418844548 0.69855430408296 0.833962368703341 0.300068224894975 0.472057510599189 0.32995917355684 0 0.861667351139173 0.371290248281906 0.606292975777642 0.876499165688178 0.362781468860774 0.546994833364173 0.479316210236106 0.461357454658461 0.855776321197016 0.547704078592037 0.350317935179856 0.576047535732539 0.456498525258067 0.425321113899792 0.619231255431854 0.619027954835899 0.8005691743205 0.483246851345724 0.324750971230353 0.603060803895917
"4940" 0.179024148522692 0.237917266844309 0.61315695283187 0.638589203873533 0.339942320054086 0.531995172203157 0.811299769690957 0.868919002065563 0.873024244848181 0.900658376965624 0.747327022155051 0.903277779633254 0.391253293944769 0.514869633841605 0.478908455914362 0.861667351139173 0 0.400323230513746 0.706736772163845 0.836554348971011 0.0993009987459382 0.632312448778013 0.535979002482112 0.544355336488691 0.666894575438129 0.57490333812449 0.44171382293568 0.700091867249074 0.250710575230119 0.273766621374121 0.469539321722504 0.739521504969964 0.902262601829464 0.621235799368437 0.228903234554952 0.720910262681539
"9200" -0.0870402019853216 -0.332328137514595 -0.110359698997147 -0.0128626689374321 -0.182844940513756 -0.152460273688516 0.141339588812721 0.170347688709143 0.184778993742561 0.354881210380706 0.175757318646718 0.397017068358803 0.563023700123823 0.46179983558738 -0.209737832503511 0.371290248281906 0.400323230513746 0 0.566581944825726 0.246515628704755 0.18486776632388 0.511322318806635 0.46381879516785 0.467922849872719 0.279786783213839 0.518276266505421 0.547920839556682 0.599399690755136 0.191068152924535 0.0719618882086172 0.426625715512689 0.592921694096887 0.51852181402915 0.465918187765391 0.356526572410794 0.608194932288184
"9976" 0.0212909428404608 -0.165919813660536 0.200416743438478 0.282383341030736 0.0611762953000913 0.113540478030958 0.476610172271953 0.510369864266271 0.520725929183954 0.664749310489505 0.462292158019982 0.7045718823424 0.543521507649824 0.641321999078269 0.10473617161836 0.606292975777642 0.706736772163845 0.566581944825726 0 0.497447990944566 0.0963292687535334 0.761871070896209 0.659932776954345 0.676490462660781 0.404466936127123 0.711046450160187 0.532557097831563 0.874875500627083 0.203562326937763 0.162145557331713 0.525149986120714 0.896325254775634 0.780333601638031 0.733767392139431 0.237730248422859 0.891878516079551
"25439" 0.218499694564309 0.574577240043486 0.744748144380365 0.692938689175196 0.351161748897755 0.743164819960121 0.786927194758071 0.880249247777748 0.880844737001635 0.765159821124831 0.733833661483204 0.729091861158809 0.169072342639082 0.37271356020419 0.554968685484942 0.876499165688178 0.836554348971011 0.246515628704755 0.497447990944566 0 0.444869730189011 0.437587121110032 0.381628281065148 0.348766080429903 0.872062638070363 0.447756784324319 0.320543018418775 0.420867036146878 0.595472677650501 0.640540534533704 0.644086398664148 0.491746570431893 0.681266237320735 0.386100658732659 0.426707819236686 0.454427787276612
"38207" -0.027700130775767 0.282057264228609 0.0479921325885041 0.00971392049417159 -0.249388402550336 0.180142626586201 -0.00910099751998601 0.0925585989979775 0.102074788693005 0.00173560875142354 0.0631182965102492 -0.0370250790765451 -0.0103991665886927 0.154088868036336 -0.19119764134935 0.362781468860774 0.0993009987459382 0.18486776632388 0.0963292687535334 0.444869730189011 0 0.0727365361787163 0.124570318190155 0.0369928322366265 0.701897500322965 0.244967464366644 0.105148803323844 -0.0204152322554308 0.930071358826961 0.827630178239154 0.819939148724777 0.0291465321033323 0.0306277741049373 -0.0606361482638277 0.639716167825278 0.0246491243543918
"46122" 0.0131334176914186 -0.159915618244208 0.174570015510612 0.24599137594585 0.0496749616221897 0.0916227643215916 0.423300117270808 0.453238737554123 0.467956730034981 0.596301816668041 0.475375099923067 0.633351914856858 0.493063705033948 0.726325622720938 0.0864118419406053 0.546994833364173 0.632312448778013 0.511322318806635 0.761871070896209 0.437587121110032 0.0727365361787163 0 0.670926117659907 0.685043750103469 0.350689275754192 0.681483885603812 0.479294759208286 0.790168991346979 0.168081419276389 0.144158856591874 0.457720189457575 0.804144096538202 0.70030683019004 0.703989415670251 0.194563052744697 0.799772994274387
"46451" 0.0159957792452107 -0.165048496616685 0.113286889083892 0.191691112447521 0.0125018148512492 0.0477502291065023 0.341485165504796 0.364623364690756 0.379066257747867 0.500574507248372 0.33591303448782 0.535294411170364 0.434332225875335 0.76707249530348 0.0172690310624117 0.479316210236106 0.535979002482112 0.46381879516785 0.659932776954345 0.381628281065148 0.124570318190155 0.670926117659907 0 0.995389013151876 0.338112572363191 0.641894548077201 0.416183409346412 0.682025158779113 0.19074810736695 0.133884055283666 0.441340988242797 0.692973325741764 0.603889354628042 0.634791230286758 0.199744570543995 0.691928469316343
"46678" 0.0179914814613867 -0.209223301164195 0.103447546266658 0.191431743636552 0.0307159546954792 0.0219129632176942 0.349326257210228 0.362592959498613 0.377585115952298 0.516675649962766 0.337457651948879 0.557602367243932 0.45538337487061 0.765869653766414 0.0249610436715941 0.461357454658461 0.544355336488691 0.467922849872719 0.676490462660781 0.348766080429903 0.0369928322366265 0.685043750103469 0.995389013151876 0 0.282409367002935 0.639624342854125 0.422494695515371 0.71180642690625 0.107126394084218 0.0546441706417988 0.380019426287556 0.717491689638785 0.624905881894751 0.660012394169299 0.145484172667256 0.717562815313459
"48679" 0.32314066426033 0.440587652903508 0.553418395214558 0.582074204625127 0.257026143455091 0.535840152899246 0.609816051888575 0.6450878797109 0.698754884092615 0.595218370463859 0.557520650473801 0.574949656914134 0.145998570801049 0.346501897415314 0.230425578422648 0.855776321197016 0.666894575438129 0.279786783213839 0.404466936127123 0.872062638070363 0.701897500322965 0.350689275754192 0.338112572363191 0.282409367002935 0 0.43647684751498 0.251287857557919 0.318035760808707 0.754078488467916 0.703258087638563 0.77859973852502 0.378311228376588 0.557480686895455 0.255133961969739 0.515195293954385 0.35645391324874
"51162" 0.0144620657824143 -0.158614028276709 0.118832585715602 0.203026443483028 -0.0222154660773699 0.055732197066005 0.352702035150643 0.3861311426018 0.404591303475656 0.52671269387971 0.355613274602399 0.560952499582934 0.463945537251038 0.703440368042457 -0.0202289240916021 0.547704078592037 0.57490333812449 0.518276266505421 0.711046450160187 0.447756784324319 0.244967464366644 0.681483885603812 0.641894548077201 0.639624342854125 0.43647684751498 0 0.453100642994247 0.73326188926163 0.305145946915296 0.228286350496178 0.561505649762939 0.738599091514442 0.644173680056111 0.629689033939436 0.283108438288055 0.738127552124941
"52222" -0.13836000296475 -0.101364245831144 0.0740101124561699 0.0819417465632096 -0.0965396345985693 0.0726865526991454 0.24336575945848 0.32028837035573 0.293602111512227 0.394044995426384 0.27539006691463 0.408425021309522 0.792983201026922 0.405564418330941 0.058746747185867 0.350317935179856 0.44171382293568 0.547920839556682 0.532557097831563 0.320543018418775 0.105148803323844 0.479294759208286 0.416183409346412 0.422494695515371 0.251287857557919 0.453100642994247 0 0.544321928694562 0.175741105993888 0.151841235793207 0.364390718386449 0.556818958322739 0.486157344411898 0.456779187411712 0.368376541282577 0.557635902981752
"52661" 0.0270487357781369 -0.301122529822828 0.125925364816223 0.246982427780977 0.0555092206604184 0.00989067116531195 0.4518336313088 0.461977758627287 0.482707605144018 0.671784645062225 0.431243487726233 0.728233757876653 0.596558071507347 0.661297489963216 0.04042326460218 0.576047535732539 0.700091867249074 0.599399690755136 0.874875500627083 0.420867036146878 -0.0204152322554308 0.790168991346979 0.682025158779113 0.71180642690625 0.318035760808707 0.73326188926163 0.544321928694562 0 0.0714372646518811 0.00823379832629104 0.436861170224103 0.934441168522121 0.813884482003155 0.773297709040057 0.142844571138085 0.935123684852841
"53044" -0.0372692422726734 0.460536474370699 0.253982483524314 0.157748646043192 -0.140486257125959 0.395280909309527 0.166958087326063 0.304293436560869 0.287504800486478 0.148979377703129 0.227701647880609 0.0920635387323941 0.00251999234797661 0.210106876021263 0.0560676742450331 0.456498525258067 0.250710575230119 0.191068152924535 0.203562326937763 0.595472677650501 0.930071358826961 0.168081419276389 0.19074810736695 0.107126394084218 0.754078488467916 0.305145946915296 0.175741105993888 0.0714372646518811 0 0.924893740872208 0.858922898319696 0.140887610975771 0.127328055336293 0.0488182268820017 0.668769660370186 0.121002209411226
"53348" -0.0691841815936213 0.659705524451818 0.417437076513034 0.244887427166378 -0.046809802264135 0.585929030800139 0.25422225139859 0.424773394880291 0.374063277385681 0.175721726169808 0.306972453530369 0.0936087845486213 -0.080716513670069 0.145107232860772 0.298544386454571 0.425321113899792 0.273766621374121 0.0719618882086172 0.162145557331713 0.640540534533704 0.827630178239154 0.144158856591874 0.133884055283666 0.0546441706417988 0.703258087638563 0.228286350496178 0.151841235793207 0.00823379832629104 0.924893740872208 0 0.771024672588904 0.0923670037211896 0.0836891685982617 0.0300559959769371 0.637307260489523 0.0629309799365165
"56860" -0.0101645291318118 0.198661854482126 0.1968155238033 0.193293585551064 -0.136007405239792 0.263679432976009 0.277715949025519 0.386161515598459 0.39328589650717 0.369623258494867 0.324537997540318 0.352799557773268 0.261336456539602 0.453098446949187 -0.0325627481205481 0.619231255431854 0.469539321722504 0.426625715512689 0.525149986120714 0.644086398664148 0.819939148724777 0.457720189457575 0.441340988242797 0.380019426287556 0.77859973852502 0.561505649762939 0.364390718386449 0.436861170224103 0.858922898319696 0.771024672588904 0 0.492662073928811 0.433104546225727 0.340663964752704 0.633489027288002 0.479783430197142
"56883" 0.037662101712925 -0.21365657147859 0.197886493307802 0.298842177377513 0.0875863159536937 0.0931227144233656 0.50480559585288 0.524139791880956 0.539009398927791 0.703375155381335 0.485059010528804 0.754075912693067 0.587223372468127 0.671430476844674 0.106885267593499 0.619027954835899 0.739521504969964 0.592921694096887 0.896325254775634 0.491746570431893 0.0291465321033323 0.804144096538202 0.692973325741764 0.717491689638785 0.378311228376588 0.738599091514442 0.556818958322739 0.934441168522121 0.140887610975771 0.0923670037211896 0.492662073928811 0 0.823890058486467 0.787962646908167 0.188521342891735 0.942544494030598
"57167" 0.130160624856123 -0.0707945258139142 0.374164696782788 0.470307515802609 0.201974620895506 0.258505958878515 0.674813876889958 0.702357441602513 0.725763466611266 0.852289010421225 0.628749557278323 0.892099010582012 0.50748463981498 0.585329399002429 0.22969496053525 0.8005691743205 0.902262601829464 0.51852181402915 0.780333601638031 0.681266237320735 0.0306277741049373 0.70030683019004 0.603889354628042 0.624905881894751 0.557480686895455 0.644173680056111 0.486157344411898 0.813884482003155 0.127328055336293 0.0836891685982617 0.433104546225727 0.823890058486467 0 0.681739638411911 0.168058824644536 0.820689250789253
"58081" 0.013254048941252 -0.163908026178593 0.186844838543788 0.25623878590023 0.0946940806139044 0.116577847287867 0.443351660744727 0.455129436777452 0.457704391085526 0.593144705810338 0.411003644842395 0.630638888962179 0.511969740399034 0.680644684930303 0.144891237658433 0.483246851345724 0.621235799368437 0.465918187765391 0.733767392139431 0.386100658732659 -0.0606361482638277 0.703989415670251 0.634791230286758 0.660012394169299 0.255133961969739 0.629689033939436 0.456779187411712 0.773297709040057 0.0488182268820017 0.0300559959769371 0.340663964752704 0.787962646908167 0.681739638411911 0 0.1101342262859 0.777554073755038
"64529" -0.156345333457893 0.245338161043847 0.113323373540557 0.0309112156861877 -0.214924250897706 0.236046937092019 0.0951734640228641 0.231794527546703 0.194427543666689 0.140735539371423 0.169323228089958 0.10532029087977 0.207110677375961 0.211627177862917 0.0131352755345033 0.324750971230353 0.228903234554952 0.356526572410794 0.237730248422859 0.426707819236686 0.639716167825278 0.194563052744697 0.199744570543995 0.145484172667256 0.515195293954385 0.283108438288055 0.368376541282577 0.142844571138085 0.668769660370186 0.637307260489523 0.633489027288002 0.188521342891735 0.168058824644536 0.1101342262859 0 0.177397885131156
"67899" 0.0232157651583141 -0.269035916209428 0.145722118749353 0.257672630875249 0.05174349055314 0.0365928402443223 0.466240673028206 0.482528437697091 0.500113013144465 0.686259384723818 0.447647571395117 0.736814141078242 0.597518123063279 0.671827405511463 0.0512389045700607 0.603060803895917 0.720910262681539 0.608194932288184 0.891878516079551 0.454427787276612 0.0246491243543918 0.799772994274387 0.691928469316343 0.717562815313459 0.35645391324874 0.738127552124941 0.557635902981752 0.935123684852841 0.121002209411226 0.0629309799365165 0.479783430197142 0.942544494030598 0.820689250789253 0.777554073755038 0.177397885131156 0
