"1" "43" "73" "187" "238" "497" "512" "548" "684" "762" "2223" "2294" "2341" "2473" "3050" "3078" "3145" "3938" "5448" "6673" "6858" "9446" "9995" "13929" "16243" "31182" "49181" "50094" "51108" "51723" "51754" "51900" "52892" "53182" "55014" "55918" "57179" "57839" "58638" "58852" "59379" "60717" "61971" "62383" "63223" "65388" "65866" "69128"
"1" 0 0.600504937043481 -0.0714166566249502 -0.145890928725564 0.310450846348542 0.120420498608862 -0.111120422439754 0.243992279866406 0.0527592769959548 0.0927635176880867 0.124600570747581 0.620245265554029 0.388655613083918 0.638095174587668 0.413317701465802 -0.158825168735449 0.415627234814184 0.12085112871008 0.380782306035822 0.4205678951451 0.485649560900424 0.213636999861627 0.528693783776656 0.157289136959453 0.104513002109303 -0.318076745776056 0.552506672046892 0.399903296738511 0.0651464317900257 0.195518792589977 0.244513570456045 0.321278596590464 -0.0828814707174204 0.217240535348314 0.537610427965339 0.273986351928752 0.183223615168041 -0.0710654054478918 0.42002733443448 -0.36810456852001 0.238541707448038 0.230420835868727 0.333221372598002 0.400246991106046 0.511679397193179 -0.0594914205120383 0.533027725576904 0.344219383390237
"43" 0.600504937043481 0 0.0967422712718586 0.0102513471623044 0.367194566382952 0.336691668705744 0.0447241830167085 0.438958195113998 0.189699263517197 0.113458932540352 0.289421075779752 0.58217404892711 0.362261630378561 0.539586859401113 0.393886553413487 -0.00961754069714218 0.614252709498659 0.100569259120763 0.340826896347548 0.385982348662996 0.506846228769806 0.198061881919065 0.48170179460786 0.155258981172576 0.269131676049486 -0.321602321079826 0.522747971657443 0.368650047865789 0.0645650995791953 0.19050252386823 0.23461183544545 0.488244082804824 -0.0679523229543465 0.352306453983091 0.492150722362098 0.234671417885823 0.172995279658191 -0.0931290475889873 0.586698096394329 -0.241879690026877 0.225843091802854 0.207682869361874 0.31133745293782 0.356916415524222 0.465306507717636 -0.0832487081031391 0.487364035279334 0.29386472342837
"73" -0.0714166566249502 0.0967422712718586 0 0.955642802078599 0.489962116339794 0.467048921049726 0.870498822565355 0.406101081363511 0.534170766000169 0.395169281516385 0.852236875290276 -0.0845953912522149 0.0711207937092824 -0.0859239694722346 0.0869275807011033 0.366816843469962 0.406169099333305 -0.107614592513421 0.144657475893473 -0.0871841424962455 0.341051750652791 0.0941105672372471 0.000142656835886429 0.0964013222072376 0.253046787807419 0.0406001357902264 -0.0779460446057937 -0.0737618001439618 0.113643153594178 -0.116639046165998 -0.142873774547832 0.145837669687197 0.00461070621944448 0.124848054157638 -0.0134876378667464 0.0471223289430429 0.0940755010515099 -0.0326195198128776 0.140773518031648 0.163889403095226 0.0800478780208707 -0.00739562298178778 0.0623070073366724 -0.00583620400523325 -0.011218158642709 -0.0431176075171125 -0.0052837984001253 -0.00987786224022097
"187" -0.145890928725564 0.0102513471623044 0.955642802078599 0 0.437604635424501 0.512763761819502 0.951541851002024 0.454031637896359 0.421664572956055 0.271309333515157 0.807081429576666 -0.038256309211575 -0.04610268243825 -0.170331972930385 0.0314087796104432 0.519342060736898 0.32620728871279 -0.152815710785682 0.162646634091003 -0.117170859048983 0.309768134440617 0.0267521408932483 -0.0676377548558631 -0.00288888419125539 0.368979369152288 0.265500376342327 -0.112799860140679 -0.104264393540163 0.0578771771582824 -0.218240940071062 -0.246781469197394 0.107541649715126 -0.0991980958848544 0.20902004888783 -0.106854964821406 0.098962924668635 0.0177901000150938 0.101231954334701 0.109896907325662 0.244297011223676 -0.0214910218814346 -0.0256918181760246 -0.0432791080023101 -0.00986394930457143 -0.0804964722948956 0.0926929784430567 -0.0902117773854856 0.0637592357031746
"238" 0.310450846348542 0.367194566382952 0.489962116339794 0.437604635424501 0 0.130238905051579 0.394114113535966 0.186886572358812 0.292470853637654 0.152122447259928 0.505730491827589 0.281837599172949 0.0842976325801444 0.259470073235492 0.264396407020868 -0.0177541322415667 0.30406126714756 -0.111443059250217 0.159344272477076 0.184838229923382 0.50689494611192 -0.00395666729735111 0.182661897246074 0.0271121415228012 0.0291815506852347 -0.198772894865309 0.22302750254192 0.168414176835073 -0.0583015808055775 0.0341480475879436 0.0505077465382829 0.0666263505273714 -0.158191904051189 0.0288571888317547 0.170371379875359 0.0192768016503364 -0.00455786154290081 -0.145339542216063 0.124688827405329 -0.220612824982974 0.0145020815603988 0.0705990834327157 0.0571641524154119 0.119866423882042 0.155074336502336 -0.142212905391155 0.176162002382149 0.0709916535045545
"497" 0.120420498608862 0.336691668705744 0.467048921049726 0.512763761819502 0.130238905051579 0 0.611114524842627 0.883595798618889 0.235554357794516 0.386639565822568 0.49699334661206 0.370898651096533 0.492546067444264 0.0877776744283423 0.169153661973214 0.791522099976386 0.679145543840771 0.255112367431262 0.635243797737639 0.0688759044089641 0.138997634746181 0.543210515479642 0.39611079293716 0.284504393118455 0.865229170941244 0.427809057967607 0.266189405714262 0.112482423435051 0.471101829322567 -0.114091129536307 -0.124517141505057 0.689545800593437 0.141981048430369 0.747042113214666 0.383150199232707 0.690541361758002 0.468931493532995 0.43887697090532 0.713108597150284 0.417448317107909 0.450729640255975 0.20379094234879 0.458630311416913 0.423965143854877 0.422023132197551 0.433041532193158 0.388463376775984 0.581743945185455
"512" -0.111120422439754 0.0447241830167085 0.870498822565355 0.951541851002024 0.394114113535966 0.611114524842627 0 0.607491422744397 0.226688142327917 0.125076868255865 0.794341959291422 0.0774792125521257 -0.060019700733157 -0.159163210457088 0.000630836205590298 0.629010924303741 0.397502151127635 -0.112920779424712 0.305288432435935 -0.0600549515993366 0.311998084422475 0.000874589969882431 0.036903504842057 -0.0819238286758356 0.546978375405735 0.415761703158759 -0.10625063384002 -0.0734956495304617 -0.0057629052111359 -0.318165430320999 -0.335435383548285 0.19263590956296 -0.234060833223941 0.396475017740124 -0.0258730224109102 0.232007278291519 -0.0311594379722862 0.265814179811338 0.244858780345494 0.212422995633735 -0.0790622763502564 0.0336494858533877 -0.0723703295121389 0.121421001919486 0.0172271209159304 0.26411660887854 -0.00192522639060521 0.266141028362725
"548" 0.243992279866406 0.438958195113998 0.406101081363511 0.454031637896359 0.186886572358812 0.883595798618889 0.607491422744397 0 -0.0455049791281289 0.15113769049498 0.578099598561366 0.426574920872285 0.441040715739626 0.173539603707 0.125335164572421 0.645803763360689 0.820432111570581 0.274342565187993 0.754890895020886 0.203600384607512 0.298392018261528 0.370282259454575 0.605017918163487 0.13391686880281 0.88344798762314 0.336362514157214 0.199931910322881 0.166401892522095 0.20571802183179 -0.216884091116527 -0.198735850828515 0.724369787805139 -0.115617226568552 0.842679221915139 0.561643238739452 0.695646657556148 0.285735296535081 0.487104617322844 0.856263769069225 0.0998408786937676 0.284067127516831 0.296838802118058 0.371589847232465 0.596475183161447 0.597949653133937 0.495329031113973 0.573835519574836 0.754619142785997
"684" 0.0527592769959548 0.189699263517197 0.534170766000169 0.421664572956055 0.292470853637654 0.235554357794516 0.226688142327917 -0.0455049791281289 0 0.702598692477699 0.255972169876995 0.036103146255888 0.25339614101587 0.0931961961141198 0.33836963000519 0.175537023229099 0.0527947385902687 -0.104095123628039 -0.209803054575464 -0.119987246665546 0.0860366448051342 0.386909287485585 -0.27729538015944 0.411763680441332 -0.0813943880837737 -0.191139053076005 0.338904466977235 0.0398820750283407 0.545697993737662 0.356903289365748 0.31192102341542 0.0703496310749129 0.517649267784254 -0.211273913085353 -0.199459150456718 -0.0986233992366506 0.423246592503939 -0.366639441636425 -0.119110660413934 0.466469152473951 0.424015888084253 -0.145151256781398 0.293418311844461 -0.310490160497051 -0.224429003726411 -0.395524644622398 -0.224406228523663 -0.426831738647968
"762" 0.0927635176880867 0.113458932540352 0.395169281516385 0.271309333515157 0.152122447259928 0.386639565822568 0.125076868255865 0.15113769049498 0.702598692477699 0 0.214515786619252 0.0623142645234486 0.696292749599917 0.146022746078875 0.313294748898853 0.226381955627596 0.26757519806357 0.251869846460669 0.224247010051743 -0.0665885009766889 0.000896978330862312 0.768075848796045 0.152713743518238 0.645292463467395 0.0956052634213899 -0.128628338355338 0.362150976710854 0.0754869031465352 0.827092326314371 0.307178328613748 0.265846373670732 0.314894067314258 0.703764503401578 -0.00199481485536021 0.241407435183623 0.340336930108754 0.757545195080718 -0.0892788716538478 0.158168789779236 0.428606444467776 0.781757383362682 0.056390815119198 0.695982850949367 0.064875431518594 0.217490012932065 -0.117566150729345 0.212570171496131 -0.020391278034922
"2223" 0.124600570747581 0.289421075779752 0.852236875290276 0.807081429576666 0.505730491827589 0.49699334661206 0.794341959291422 0.578099598561366 0.255972169876995 0.214515786619252 0 0.0419967697794214 0.161555064663749 0.100194799487462 0.124245868333398 0.244422212549838 0.645431808790411 0.0024735762532658 0.359462532800831 0.0924089678320593 0.487590731542652 0.0395670017291002 0.321724280797247 0.0612366589431877 0.346731028620052 -0.0732795194982131 -0.0601133196018472 0.031046689666778 -0.0567133534404676 -0.175786144202732 -0.169420192585488 0.308969654781267 -0.178174261488021 0.312525668744922 0.287747743999212 0.164209555924817 0.0207866367112327 0.0554668322892644 0.416980000179934 -0.138195950766241 0.0356258610204137 0.137543113960988 0.104127247094539 0.258897453252387 0.282047353722419 0.0590269788492376 0.301693090969794 0.258905085780901
"2294" 0.620245265554029 0.58217404892711 -0.0845953912522149 -0.038256309211575 0.281837599172949 0.370898651096533 0.0774792125521257 0.426574920872285 0.036103146255888 0.0623142645234486 0.0419967697794214 0 0.345391274785183 0.534623983572115 0.502065895999988 0.288346733533565 0.322934007661587 0.0610110840697951 0.502442067959417 0.420049910437271 0.442682917866681 0.312622930353201 0.421959301780747 0.125983631813323 0.440597520670314 0.166511494433212 0.767234851557939 0.438422558937672 0.200434009670812 0.117176699363716 0.153596751674123 0.365073880507031 -0.136413520511981 0.446700264164111 0.403411108071018 0.515749666141634 0.250665440076411 0.189756799592422 0.431229628236942 -0.0460949784280707 0.252626225387482 0.210531524784307 0.306546022101837 0.418798655419477 0.42807363505982 0.198414862816662 0.408184057722289 0.532249724730111
"2341" 0.388655613083918 0.362261630378561 0.0711207937092824 -0.04610268243825 0.0842976325801444 0.492546067444264 -0.060019700733157 0.441040715739626 0.25339614101587 0.696292749599917 0.161555064663749 0.345391274785183 0 0.390087643183729 0.339200264642194 0.154555604201253 0.581522719839534 0.492507740511651 0.637831474513059 0.197645645133254 0.135084081920676 0.837471994900369 0.665594512297153 0.620807587582797 0.329023235491423 -0.161552509611102 0.4741042703061 0.256368984506778 0.72611868487074 0.23299215143711 0.235696047190051 0.620283555963414 0.515597208888617 0.35176482054767 0.732949821402253 0.669223335620875 0.779404903531641 0.144078580945004 0.598824381828988 0.0986761206209522 0.838941625717228 0.295728187103553 0.870102736954958 0.512399257440602 0.705514909660239 0.13413036780124 0.706355640540478 0.471003501819534
"2473" 0.638095174587668 0.539586859401113 -0.0859239694722346 -0.170331972930385 0.259470073235492 0.0877776744283423 -0.159163210457088 0.173539603707 0.0931961961141198 0.146022746078875 0.100194799487462 0.534623983572115 0.390087643183729 0 0.462466203470068 -0.173061662367315 0.354153362095318 0.124259858221537 0.309105864187347 0.36376046213836 0.402654483635135 0.239413107575292 0.456576225587811 0.254636522558442 0.0492167752417524 -0.332721753582603 0.519155734872309 0.359531494883499 0.11993070565793 0.227165184702314 0.267535850284935 0.288725476514568 0.00371876554640022 0.14782824930056 0.47750190138143 0.230117763490423 0.216773817003178 -0.106765215889143 0.355874747216338 -0.2998829456596 0.270962670877877 0.195683947594575 0.344122619958684 0.329971572184555 0.448407139616984 -0.0990908023192943 0.468886689343475 0.258051685141434
"3050" 0.413317701465802 0.393886553413487 0.0869275807011033 0.0314087796104432 0.264396407020868 0.169153661973214 0.000630836205590298 0.125335164572421 0.33836963000519 0.313294748898853 0.124245868333398 0.502065895999988 0.339200264642194 0.462466203470068 0 0.0445725541621797 0.198482228723753 0.0342990389118363 0.190816979239075 0.21369293920622 0.296289739197696 0.31837279512783 0.201890583346545 0.338177833916959 0.0777996330458951 -0.144588854891126 0.529261988691388 0.27802505327793 0.294771030375961 0.243845611539847 0.25492755326174 0.201013159684251 0.144754278986768 0.0782038967632312 0.232392061986786 0.205531070966054 0.304045130099071 -0.109687240680315 0.177752077199535 0.013938573874538 0.325849047244213 0.0864289118305845 0.324295571567265 0.141489246707218 0.21979283658136 -0.11417048108673 0.221599241496487 0.10699784660769
"3078" -0.158825168735449 -0.00961754069714218 0.366816843469962 0.519342060736898 -0.0177541322415667 0.791522099976386 0.629010924303741 0.645803763360689 0.175537023229099 0.226381955627596 0.244422212549838 0.288346733533565 0.154555604201253 -0.173061662367315 0.0445725541621797 0 0.225756238664715 0.0608821535015903 0.379932126934509 -0.117032385982299 -0.0886025440937721 0.372314153825292 -0.0227268923663617 0.116028789950193 0.803318582563417 0.785523122029764 0.152515638930466 -0.0288975351950368 0.411342593611854 -0.204730472306239 -0.239005235456058 0.370491167116035 0.0840862814619129 0.598905915755614 -0.0572651260334791 0.55581202162999 0.308306926390049 0.514653112170507 0.322131402029269 0.677075333157948 0.231430004842306 0.0317247584076662 0.167229523416648 0.144499943374272 0.0200575536279824 0.503452418746316 -0.0449230348006588 0.403709310335712
"3145" 0.415627234814184 0.614252709498659 0.406169099333305 0.32620728871279 0.30406126714756 0.679145543840771 0.397502151127635 0.820432111570581 0.0527947385902687 0.26757519806357 0.645431808790411 0.322934007661587 0.581522719839534 0.354153362095318 0.198482228723753 0.225756238664715 0 0.336602075423127 0.697836892390584 0.299860935488821 0.431528484962359 0.377486274553238 0.768771263693178 0.240994666768957 0.57895206856147 -0.166426116457996 0.214751354662621 0.230970237986091 0.170747888883991 -0.0486023030419064 -0.0151839202897599 0.736027461671073 -0.0237649800759188 0.639157142107166 0.757721322139004 0.533070014985292 0.316590051708091 0.202964954492082 0.89091583855331 -0.206033316818281 0.374943408471536 0.342802837323041 0.49769189986286 0.624530152295519 0.743017427432274 0.212912754088852 0.761277024626474 0.61345902339276
"3938" 0.12085112871008 0.100569259120763 -0.107614592513421 -0.152815710785682 -0.111443059250217 0.255112367431262 -0.112920779424712 0.274342565187993 -0.104095123628039 0.251869846460669 0.0024735762532658 0.0610110840697951 0.492507740511651 0.124259858221537 0.0342990389118363 0.0608821535015903 0.336602075423127 0 0.404964647033761 0.0840488835449732 -0.0463802480001246 0.416748541995087 0.447210595709252 0.283195137285184 0.225879702971328 0.00730900122222763 0.0917258876545926 0.0766060152957948 0.323832765150938 0.0935799139756241 0.319790281570761 0.370685890608376 0.326723385217666 0.27087044608563 0.471169239514162 0.417099673290876 0.380929984893172 0.310331012022538 0.401269207506779 0.0415354772169519 0.417437487202937 0.201992491035677 0.4523138969341 0.364571338959206 0.463130378396922 0.30805072378029 0.459275203776965 0.366374356996715
"5448" 0.380782306035822 0.340826896347548 0.144657475893473 0.162646634091003 0.159344272477076 0.635243797737639 0.305288432435935 0.754890895020886 -0.209803054575464 0.224247010051743 0.359462532800831 0.502442067959417 0.637831474513059 0.309105864187347 0.190816979239075 0.379932126934509 0.697836892390584 0.404964647033761 0 0.291494340326295 0.32060991371621 0.513737094591265 0.800718823027225 0.249108297999536 0.66229923042537 0.204271722332782 0.305512050651437 0.249026248887525 0.303166392627953 -0.137445584315361 -0.108705583892042 0.626724042329335 -0.0253463991572432 0.687022174417811 0.77099530605541 0.806190077103383 0.418639285470581 0.482025186590229 0.762368330023851 -0.0975643045366878 0.444889276603886 0.380553820518327 0.557461483257611 0.735754614577709 0.793091698109299 0.491789415944375 0.779413677296599 0.856520102918378
"6673" 0.4205678951451 0.385982348662996 -0.0871841424962455 -0.117170859048983 0.184838229923382 0.0688759044089641 -0.0600549515993366 0.203600384607512 -0.119987246665546 -0.0665885009766889 0.0924089678320593 0.420049910437271 0.197645645133254 0.36376046213836 0.21369293920622 -0.117032385982299 0.299860935488821 0.0840488835449732 0.291494340326295 0 0.335682803039489 0.0546715526566345 0.398659773914481 0.0182541569656168 0.105738159281797 -0.177974169152121 0.295107778085962 0.254941708383892 -0.0735126208246411 0.0533739424154336 0.0940493773397944 0.214089847546049 -0.16878875803391 0.196343361276499 0.387361255020427 0.189856424649207 0.0287396973979991 0.0140565850421029 0.319301373931524 -0.329094619343016 0.0645825415781609 0.177529169403862 0.152916899847558 0.319571770640567 0.374766796510711 0.0271982942298515 0.390026789809728 0.303061138541658
"6858" 0.485649560900424 0.506846228769806 0.341051750652791 0.309768134440617 0.50689494611192 0.138997634746181 0.311998084422475 0.298392018261528 0.0860366448051342 0.000896978330862312 0.487590731542652 0.442682917866681 0.135084081920676 0.402654483635135 0.296289739197696 -0.0886025440937721 0.431528484962359 -0.0463802480001246 0.32060991371621 0.335682803039489 0 -0.0372411498873711 0.430398575389494 -0.0292335638847722 0.106873686117911 -0.243338181828564 0.296666585082802 0.273309605664503 -0.174320659641576 0.00300095144259361 0.0448429523414261 0.172804436327754 -0.30785887230185 0.170020859010817 0.376909786523007 0.123775534595244 -0.0557891168080864 -0.0728725029801716 0.307880424546079 -0.420040452339089 -0.0206142423923427 0.173864161023478 0.0820209386401735 0.313582694486101 0.360217481829787 -0.0591506606340258 0.387365358414498 0.277325125950669
"9446" 0.213636999861627 0.198061881919065 0.0941105672372471 0.0267521408932483 -0.00395666729735111 0.543210515479642 0.000874589969882431 0.370282259454575 0.386909287485585 0.768075848796045 0.0395670017291002 0.312622930353201 0.837471994900369 0.239413107575292 0.31837279512783 0.372314153825292 0.377486274553238 0.416748541995087 0.513737094591265 0.0546715526566345 -0.0372411498873711 0 0.408165473653288 0.642610526209829 0.375495266452411 0.0792935339504169 0.478954492100133 0.176681857177141 0.870097791682002 0.235059954427964 0.212399803981059 0.52550074208145 0.629091529470598 0.310831646551274 0.475426660512204 0.659451901086779 0.843166484547173 0.190827538026035 0.427357322600385 0.413162892870135 0.859480247902522 0.189897274362817 0.816097184927432 0.33646550976655 0.474636797065677 0.171159545389245 0.450482543967399 0.354374719144461
"9995" 0.528693783776656 0.48170179460786 0.000142656835886429 -0.0676377548558631 0.182661897246074 0.39611079293716 0.036903504842057 0.605017918163487 -0.27729538015944 0.152713743518238 0.321724280797247 0.421959301780747 0.665594512297153 0.456576225587811 0.201890583346545 -0.0227268923663617 0.768771263693178 0.447210595709252 0.800718823027225 0.398659773914481 0.430398575389494 0.408165473653288 0 0.240112642172704 0.402283259578554 -0.202603450316496 0.280375377976951 0.305894186333011 0.142528913643322 -0.0314494335667576 0.0197214270725215 0.611738833502827 -0.052809047455862 0.53595752396514 0.925157143495683 0.632744396881117 0.332588604366955 0.269515914276129 0.79568659355266 -0.430934426052545 0.410416689054172 0.420693068720474 0.571491198791786 0.766337213885125 0.905955750824196 0.286238213952096 0.925992205303362 0.7594694274789
"13929" 0.157289136959453 0.155258981172576 0.0964013222072376 -0.00288888419125539 0.0271121415228012 0.284504393118455 -0.0819238286758356 0.13391686880281 0.411763680441332 0.645292463467395 0.0612366589431877 0.125983631813323 0.620807587582797 0.254636522558442 0.338177833916959 0.116028789950193 0.240994666768957 0.283195137285184 0.249108297999536 0.0182541569656168 -0.0292335638847722 0.642610526209829 0.240112642172704 0 0.0995948901605481 -0.132640538126492 0.337913250445892 0.116532015501829 0.650767888120619 0.265929727200737 0.245704949192892 0.325015942929266 0.549974049206205 0.0693435746159552 0.312521523997088 0.344030856059681 0.623839199363536 -0.0253762767445901 0.225942276564948 0.264570407719531 0.654791055199817 0.100748164761498 0.61144309260583 0.150663528751619 0.291664918933609 -0.0432540835977871 0.2870551865371 0.0870772248389242
"16243" 0.104513002109303 0.269131676049486 0.253046787807419 0.368979369152288 0.0291815506852347 0.865229170941244 0.546978375405735 0.88344798762314 -0.0813943880837737 0.0956052634213899 0.346731028620052 0.440597520670314 0.329023235491423 0.0492167752417524 0.0777996330458951 0.803318582563417 0.57895206856147 0.225879702971328 0.66229923042537 0.105738159281797 0.106873686117911 0.375495266452411 0.402283259578554 0.0995948901605481 0 0.592886999252053 0.210216156472907 0.111484473473113 0.27369861416907 -0.238049998512646 -0.234715136073457 0.624041573713053 -0.0751520386961049 0.827542311317574 0.354409012164762 0.71203556512111 0.292854560029386 0.58107706847379 0.698895881739815 0.326537017829869 0.253250918803787 0.219038722753773 0.291630714752344 0.476461325210358 0.412506463694624 0.584767020246833 0.369830325029217 0.709412752113396
"31182" -0.318076745776056 -0.321602321079826 0.0406001357902264 0.265500376342327 -0.198772894865309 0.427809057967607 0.415761703158759 0.336362514157214 -0.191139053076005 -0.128628338355338 -0.0732795194982131 0.166511494433212 -0.161552509611102 -0.332721753582603 -0.144588854891126 0.785523122029764 -0.166426116457996 0.00730900122222763 0.204271722332782 -0.177974169152121 -0.243338181828564 0.0792935339504169 -0.202603450316496 -0.132640538126492 0.592886999252053 0 -0.0493367983777832 -0.125301346254213 0.134989854104813 -0.223369931634923 -0.325643971733875 0.0392793142058848 0.0152087660533158 0.415293109022068 -0.26465626097645 0.386867071562094 0.0252897369969547 0.736096870545354 0.00418144008193932 0.57296498169689 -0.0740726649525805 -0.0414544800954361 -0.133312308455193 0.0301435470713627 -0.173642908904726 0.729260903509182 -0.243881421326467 0.33613393587964
"49181" 0.552506672046892 0.522747971657443 -0.0779460446057937 -0.112799860140679 0.22302750254192 0.266189405714262 -0.10625063384002 0.199931910322881 0.338904466977235 0.362150976710854 -0.0601133196018472 0.767234851557939 0.4741042703061 0.519155734872309 0.529261988691388 0.152515638930466 0.214751354662621 0.0917258876545926 0.305512050651437 0.295107778085962 0.296666585082802 0.478954492100133 0.280375377976951 0.337913250445892 0.210216156472907 -0.0493367983777832 0 0.393462557159332 0.444834451497188 0.353146585005533 0.359874700811577 0.315045994632523 0.203556595265073 0.199139400723218 0.317392200552545 0.382037229736698 0.445416119509305 -0.0236430301741805 0.278639937509288 0.101546251263114 0.463779881851219 0.130794284022318 0.456871696888257 0.23214274288576 0.315147418263594 -0.0362567880217829 0.303378799913963 0.240437374199935
"50094" 0.399903296738511 0.368650047865789 -0.0737618001439618 -0.104264393540163 0.168414176835073 0.112482423435051 -0.0734956495304617 0.166401892522095 0.0398820750283407 0.0754869031465352 0.031046689666778 0.438422558937672 0.256368984506778 0.359531494883499 0.27802505327793 -0.0288975351950368 0.230970237986091 0.0766060152957948 0.249026248887525 0.254941708383892 0.273309605664503 0.176681857177141 0.305894186333011 0.116532015501829 0.111484473473113 -0.125301346254213 0.393462557159332 0 0.0957950029570236 0.130262891099582 0.1576208437666 0.21292650123005 -0.0251821507562354 0.161191707673554 0.312260825734099 0.215101805086605 0.153086866818033 -0.00925862804424673 0.259154205716072 -0.15485647113197 0.17974398765039 0.137306469847004 0.226400426826766 0.244539862589931 0.303301804562497 -0.00363005096972475 0.309003445738378 0.233371329706301
"51108" 0.0651464317900257 0.0645650995791953 0.113643153594178 0.0578771771582824 -0.0583015808055775 0.471101829322567 -0.0057629052111359 0.20571802183179 0.545697993737662 0.827092326314371 -0.0567133534404676 0.200434009670812 0.72611868487074 0.11993070565793 0.294771030375961 0.411342593611854 0.170747888883991 0.323832765150938 0.303166392627953 -0.0735126208246411 -0.174320659641576 0.870097791682002 0.142528913643322 0.650767888120619 0.27369861416907 0.134989854104813 0.444834451497188 0.0957950029570236 0 0.28491527279723 0.241842189647249 0.386719475251109 0.7369153706794 0.155914878624685 0.226859327077461 0.520514850336632 0.833899500947107 0.105915223127792 0.209310309674243 0.606543274347445 0.836224644862842 0.0702714863410143 0.734090591256433 0.115777874181769 0.229939439255238 0.0777513598389011 0.197361321945904 0.13000458556034
"51723" 0.195518792589977 0.19050252386823 -0.116639046165998 -0.218240940071062 0.0341480475879436 -0.114091129536307 -0.318165430320999 -0.216884091116527 0.356903289365748 0.307178328613748 -0.175786144202732 0.117176699363716 0.23299215143711 0.227165184702314 0.243845611539847 -0.204730472306239 -0.0486023030419064 0.0935799139756241 -0.137445584315361 0.0533739424154336 0.00300095144259361 0.235059954427964 -0.0314494335667576 0.265929727200737 -0.238049998512646 -0.223369931634923 0.353146585005533 0.130262891099582 0.28491527279723 0 0.485014545743637 0.0240030088489862 0.5028501331748 -0.217412750663961 0.0338137886908514 -0.0766113675219844 0.257837367816416 -0.0651440816277876 -0.0671716735538828 0.0835070275201051 0.289415824148054 -0.0320285781517548 0.244934788635778 -0.108322919244359 -0.00108760596826418 -0.0796176769382315 0.0109462260249783 -0.232751580225857
"51754" 0.244513570456045 0.23461183544545 -0.142873774547832 -0.246781469197394 0.0505077465382829 -0.124517141505057 -0.335435383548285 -0.198735850828515 0.31192102341542 0.265846373670732 -0.169420192585488 0.153596751674123 0.235696047190051 0.267535850284935 0.25492755326174 -0.239005235456058 -0.0151839202897599 0.319790281570761 -0.108705583892042 0.0940493773397944 0.0448429523414261 0.212399803981059 0.0197214270725215 0.245704949192892 -0.234715136073457 -0.325643971733875 0.359874700811577 0.1576208437666 0.241842189647249 0.485014545743637 0 0.0407340457263178 0.331777432363456 -0.195903778353579 0.080852214420825 -0.0685866621896182 0.232741801435227 -0.227186385045282 -0.0297029621468751 0.0195405409242871 0.269532857014756 -0.0094575680346245 0.241110273560315 -0.0675275602025507 0.043932853751374 -0.236096974774287 0.0592147423251052 -0.195012676498818
"51900" 0.321278596590464 0.488244082804824 0.145837669687197 0.107541649715126 0.0666263505273714 0.689545800593437 0.19263590956296 0.724369787805139 0.0703496310749129 0.314894067314258 0.308969654781267 0.365073880507031 0.620283555963414 0.288725476514568 0.201013159684251 0.370491167116035 0.736027461671073 0.370685890608376 0.626724042329335 0.214089847546049 0.172804436327754 0.52550074208145 0.611738833502827 0.325015942929266 0.624041573713053 0.0392793142058848 0.315045994632523 0.21292650123005 0.386719475251109 0.0240030088489862 0.0407340457263178 0 0.164507551790975 0.825135866867253 0.621157362484464 0.613626832571572 0.460622290447984 0.281386514737212 0.794905065246684 0.082766586683121 0.492999614490184 0.283975803097747 0.562605602511593 0.732197171976331 0.621526864223284 0.283451167772406 0.616453669133286 0.571633977857372
"52892" -0.0828814707174204 -0.0679523229543465 0.00461070621944448 -0.0991980958848544 -0.158191904051189 0.141981048430369 -0.234060833223941 -0.115617226568552 0.517649267784254 0.703764503401578 -0.178174261488021 -0.136413520511981 0.515597208888617 0.00371876554640022 0.144754278986768 0.0840862814619129 -0.0237649800759188 0.326723385217666 -0.0253463991572432 -0.16878875803391 -0.30785887230185 0.629091529470598 -0.052809047455862 0.549974049206205 -0.0751520386961049 0.0152087660533158 0.203556595265073 -0.0251821507562354 0.7369153706794 0.5028501331748 0.331777432363456 0.164507551790975 0 -0.144452112340486 0.0459760763942535 0.16211489183771 0.635792386213364 0.176406116522226 -0.0275443822186177 0.507276825306139 0.653059892711448 -0.0351003993757253 0.541052586116925 -0.109123464780786 0.0236482842953048 0.143573510062325 0.0117271364510025 -0.199362240578796
"53182" 0.217240535348314 0.352306453983091 0.124848054157638 0.20902004888783 0.0288571888317547 0.747042113214666 0.396475017740124 0.842679221915139 -0.211273913085353 -0.00199481485536021 0.312525668744922 0.446700264164111 0.35176482054767 0.14782824930056 0.0782038967632312 0.598905915755614 0.639157142107166 0.27087044608563 0.687022174417811 0.196343361276499 0.170020859010817 0.310831646551274 0.53595752396514 0.0693435746159552 0.827542311317574 0.415293109022068 0.199139400723218 0.161191707673554 0.155914878624685 -0.217412750663961 -0.195903778353579 0.825135866867253 -0.144452112340486 0 0.486839480579322 0.675553264710263 0.22471907848819 0.528576645514519 0.760544001806773 0.104697070394865 0.214810436518908 0.272375991428862 0.297055227318982 0.740170935542208 0.531274646583783 0.539246007451838 0.502521215414336 0.74820676433943
"55014" 0.537610427965339 0.492150722362098 -0.0134876378667464 -0.106854964821406 0.170371379875359 0.383150199232707 -0.0258730224109102 0.561643238739452 -0.199459150456718 0.241407435183623 0.287747743999212 0.403411108071018 0.732949821402253 0.47750190138143 0.232392061986786 -0.0572651260334791 0.757721322139004 0.471169239514162 0.77099530605541 0.387361255020427 0.376909786523007 0.475426660512204 0.925157143495683 0.312521523997088 0.354409012164762 -0.26465626097645 0.317392200552545 0.312260825734099 0.226859327077461 0.0338137886908514 0.080852214420825 0.621157362484464 0.0459760763942535 0.486839480579322 0 0.622979060501328 0.406389103974506 0.217915588364918 0.778989055849128 -0.398557599474522 0.48390088058937 0.412575959157323 0.639417053735585 0.73845805247488 0.909175792787745 0.231256143201588 0.931597020666325 0.707108331028538
"55918" 0.273986351928752 0.234671417885823 0.0471223289430429 0.098962924668635 0.0192768016503364 0.690541361758002 0.232007278291519 0.695646657556148 -0.0986233992366506 0.340336930108754 0.164209555924817 0.515749666141634 0.669223335620875 0.230117763490423 0.205531070966054 0.55581202162999 0.533070014985292 0.417099673290876 0.806190077103383 0.189856424649207 0.123775534595244 0.659451901086779 0.632744396881117 0.344030856059681 0.71203556512111 0.386867071562094 0.382037229736698 0.215101805086605 0.520514850336632 -0.0766113675219844 -0.0685866621896182 0.613626832571572 0.16211489183771 0.675553264710263 0.622979060501328 0 0.567919675389617 0.531627232114066 0.664346849014554 0.1940092986952 0.564552122202175 0.314055443317065 0.614427452485017 0.629550993449758 0.658586683513367 0.534020119599768 0.627266252714061 0.784984127112007
"57179" 0.183223615168041 0.172995279658191 0.0940755010515099 0.0177901000150938 -0.00455786154290081 0.468931493532995 -0.0311594379722862 0.285735296535081 0.423246592503939 0.757545195080718 0.0207866367112327 0.250665440076411 0.779404903531641 0.216773817003178 0.304045130099071 0.308306926390049 0.316590051708091 0.380929984893172 0.418639285470581 0.0287396973979991 -0.0557891168080864 0.843166484547173 0.332588604366955 0.623839199363536 0.292854560029386 0.0252897369969547 0.445416119509305 0.153086866818033 0.833899500947107 0.257837367816416 0.232741801435227 0.460622290447984 0.635792386213364 0.22471907848819 0.406389103974506 0.567919675389617 0 0.127924731899777 0.348898815655532 0.406911141276804 0.816568954553252 0.152484083268829 0.765449980265413 0.260546109121943 0.407564187046205 0.107214461319897 0.38002041772124 0.252550270086648
"57839" -0.0710654054478918 -0.0931290475889873 -0.0326195198128776 0.101231954334701 -0.145339542216063 0.43887697090532 0.265814179811338 0.487104617322844 -0.366639441636425 -0.0892788716538478 0.0554668322892644 0.189756799592422 0.144078580945004 -0.106765215889143 -0.109687240680315 0.514653112170507 0.202964954492082 0.310331012022538 0.482025186590229 0.0140565850421029 -0.0728725029801716 0.190827538026035 0.269515914276129 -0.0253762767445901 0.58107706847379 0.736096870545354 -0.0236430301741805 -0.00925862804424673 0.105915223127792 -0.0651440816277876 -0.227186385045282 0.281386514737212 0.176406116522226 0.528576645514519 0.217915588364918 0.531627232114066 0.127924731899777 0 0.350634355520043 0.21757863294363 0.0817300042627591 0.157438085229886 0.120104058002026 0.359862681776895 0.275063588698598 0.993990832615107 0.237289489428786 0.578683952867709
"58638" 0.42002733443448 0.586698096394329 0.140773518031648 0.109896907325662 0.124688827405329 0.713108597150284 0.244858780345494 0.856263769069225 -0.119110660413934 0.158168789779236 0.416980000179934 0.431229628236942 0.598824381828988 0.355874747216338 0.177752077199535 0.322131402029269 0.89091583855331 0.401269207506779 0.762368330023851 0.319301373931524 0.307880424546079 0.427357322600385 0.79568659355266 0.225942276564948 0.698895881739815 0.00418144008193932 0.278639937509288 0.259154205716072 0.209310309674243 -0.0671716735538828 -0.0297029621468751 0.794905065246684 -0.0275443822186177 0.760544001806773 0.778989055849128 0.664346849014554 0.348898815655532 0.350634355520043 0 -0.129324074820105 0.397542445807598 0.367444269294912 0.522906650863618 0.687125796539741 0.779565603778468 0.362999079378808 0.782472179421906 0.743269937589644
"58852" -0.36810456852001 -0.241879690026877 0.163889403095226 0.244297011223676 -0.220612824982974 0.417448317107909 0.212422995633735 0.0998408786937676 0.466469152473951 0.428606444467776 -0.138195950766241 -0.0460949784280707 0.0986761206209522 -0.2998829456596 0.013938573874538 0.677075333157948 -0.206033316818281 0.0415354772169519 -0.0975643045366878 -0.329094619343016 -0.420040452339089 0.413162892870135 -0.430934426052545 0.264570407719531 0.326537017829869 0.57296498169689 0.101546251263114 -0.15485647113197 0.606543274347445 0.0835070275201051 0.0195405409242871 0.082766586683121 0.507276825306139 0.104697070394865 -0.398557599474522 0.1940092986952 0.406911141276804 0.21757863294363 -0.129324074820105 0 0.334033874863817 -0.171527280898768 0.162574251639405 -0.279431515210957 -0.350952179909714 0.1883129960891 -0.409558177927488 -0.144955791554799
"59379" 0.238541707448038 0.225843091802854 0.0800478780208707 -0.0214910218814346 0.0145020815603988 0.450729640255975 -0.0790622763502564 0.284067127516831 0.424015888084253 0.781757383362682 0.0356258610204137 0.252626225387482 0.838941625717228 0.270962670877877 0.325849047244213 0.231430004842306 0.374943408471536 0.417437487202937 0.444889276603886 0.0645825415781609 -0.0206142423923427 0.859480247902522 0.410416689054172 0.654791055199817 0.253250918803787 -0.0740726649525805 0.463779881851219 0.17974398765039 0.836224644862842 0.289415824148054 0.269532857014756 0.492999614490184 0.653059892711448 0.214810436518908 0.48390088058937 0.564552122202175 0.816568954553252 0.0817300042627591 0.397542445807598 0.334033874863817 0 0.179740944513266 0.815185429251626 0.301832329453326 0.467617307815621 0.0620961429589652 0.455087229376527 0.261849086736265
"60717" 0.230420835868727 0.207682869361874 -0.00739562298178778 -0.0256918181760246 0.0705990834327157 0.20379094234879 0.0336494858533877 0.296838802118058 -0.145151256781398 0.056390815119198 0.137543113960988 0.210531524784307 0.295728187103553 0.195683947594575 0.0864289118305845 0.0317247584076662 0.342802837323041 0.201992491035677 0.380553820518327 0.177529169403862 0.173864161023478 0.189897274362817 0.420693068720474 0.100748164761498 0.219038722753773 -0.0414544800954361 0.130794284022318 0.137306469847004 0.0702714863410143 -0.0320285781517548 -0.0094575680346245 0.283975803097747 -0.0351003993757253 0.272375991428862 0.412575959157323 0.314055443317065 0.152484083268829 0.157438085229886 0.367444269294912 -0.171527280898768 0.179740944513266 0 0.251957006877095 0.356385488232136 0.409270784598318 0.16517639285009 0.414269354860661 0.371578434076452
"61971" 0.333221372598002 0.31133745293782 0.0623070073366724 -0.0432791080023101 0.0571641524154119 0.458630311416913 -0.0723703295121389 0.371589847232465 0.293418311844461 0.695982850949367 0.104127247094539 0.306546022101837 0.870102736954958 0.344122619958684 0.324295571567265 0.167229523416648 0.49769189986286 0.4523138969341 0.557461483257611 0.152916899847558 0.0820209386401735 0.816097184927432 0.571491198791786 0.61144309260583 0.291630714752344 -0.133312308455193 0.456871696888257 0.226400426826766 0.734090591256433 0.244934788635778 0.241110273560315 0.562605602511593 0.541052586116925 0.297055227318982 0.639417053735585 0.614427452485017 0.765449980265413 0.120104058002026 0.522906650863618 0.162574251639405 0.815185429251626 0.251957006877095 0 0.432640978893892 0.618396406251295 0.107664978194111 0.611411576933396 0.395247981241419
"62383" 0.400246991106046 0.356916415524222 -0.00583620400523325 -0.00986394930457143 0.119866423882042 0.423965143854877 0.121421001919486 0.596475183161447 -0.310490160497051 0.064875431518594 0.258897453252387 0.418798655419477 0.512399257440602 0.329971572184555 0.141489246707218 0.144499943374272 0.624530152295519 0.364571338959206 0.735754614577709 0.319571770640567 0.313582694486101 0.33646550976655 0.766337213885125 0.150663528751619 0.476461325210358 0.0301435470713627 0.23214274288576 0.244539862589931 0.115777874181769 -0.108322919244359 -0.0675275602025507 0.732197171976331 -0.109123464780786 0.740170935542208 0.73845805247488 0.629550993449758 0.260546109121943 0.359862681776895 0.687125796539741 -0.279431515210957 0.301832329453326 0.356385488232136 0.432640978893892 0 0.744102527344258 0.375006694469752 0.745932845139478 0.738849476951443
"63223" 0.511679397193179 0.465306507717636 -0.011218158642709 -0.0804964722948956 0.155074336502336 0.422023132197551 0.0172271209159304 0.597949653133937 -0.224429003726411 0.217490012932065 0.282047353722419 0.42807363505982 0.705514909660239 0.448407139616984 0.21979283658136 0.0200575536279824 0.743017427432274 0.463130378396922 0.793091698109299 0.374766796510711 0.360217481829787 0.474636797065677 0.905955750824196 0.291664918933609 0.412506463694624 -0.173642908904726 0.315147418263594 0.303301804562497 0.229939439255238 -0.00108760596826418 0.043932853751374 0.621526864223284 0.0236482842953048 0.531274646583783 0.909175792787745 0.658586683513367 0.407564187046205 0.275063588698598 0.779565603778468 -0.350952179909714 0.467617307815621 0.409270784598318 0.618396406251295 0.744102527344258 0 0.288451006654272 0.90274265504606 0.742963249509552
